Time(s), CPU%, Memory(MB)
1750802710.258518, 101.1, 235.421875
1750802711.979778, 99.1, 346.265625
1750802713.0578408, 99.3, 521.046875
1750802714.0670469, 59.4, 273.984375
1750802715.070248, 0.0, 265.96875
1750802716.075386, 0.0, 266.03125
1750802717.080597, 0.0, 266.046875
1750802718.086255, 0.0, 56.03125
1750802719.0926259, 0.1, 55.765625
1750802720.0950458, 0.1, 55.765625
1750802721.0977511, 1.5, 75.546875
1750802722.102489, 0.1, 55.828125
1750802723.1079009, 0.1, 55.75
1750802724.118092, 0.1, 55.75
1750802725.127292, 0.1, 55.75
1750802726.143051, 0.1, 55.75
1750802727.151716, 0.1, 55.75
1750802728.176276, 0.1, 55.734375
1750802729.191338, 0.1, 55.734375
1750802730.1963189, 0.1, 55.734375
1750802731.199549, 0.1, 55.734375
1750802732.212841, 0.1, 55.734375
1750802733.222634, 0.2, 55.734375
1750802734.2282481, 0.1, 55.734375
1750802735.2365, 0.1, 55.734375
1750802736.2437918, 0.1, 55.734375
1750802737.2517388, 0.1, 55.734375
1750802738.257898, 0.1, 55.734375
1750802739.2721438, 0.2, 55.734375
1750802740.280464, 0.1, 55.734375
1750802741.292993, 0.1, 55.734375
1750802742.2977421, 0.1, 55.734375
1750802743.3079722, 0.1, 55.734375
1750802744.312732, 0.1, 55.734375
1750802745.321084, 0.1, 55.734375
1750802746.331062, 0.1, 55.734375
1750802747.336598, 0.1, 55.734375
1750802748.343101, 0.1, 55.734375
1750802749.346535, 0.1, 55.734375
1750802750.350091, 0.1, 55.734375
1750802751.355056, 0.1, 55.734375
1750802752.358496, 0.1, 55.734375
1750802753.363473, 0.1, 55.734375
1750802754.37125, 0.1, 55.734375
1750802755.380106, 0.1, 55.734375
1750802756.386691, 0.1, 55.734375
1750802757.389876, 0.1, 55.734375
1750802758.396231, 0.1, 55.734375
1750802759.401728, 0.1, 55.734375
1750802760.410754, 0.2, 55.734375
1750802761.4151108, 0.1, 55.734375
1750802762.4190872, 0.1, 55.734375
1750802763.429398, 0.2, 55.734375
1750802764.441492, 0.1, 55.734375
1750802765.445718, 0.1, 55.734375
1750802766.450315, 0.1, 55.734375
1750802767.458892, 0.1, 55.734375
1750802768.462566, 0.1, 55.734375
1750802769.469125, 0.2, 55.734375
1750802770.483408, 0.1, 55.734375
1750802771.487545, 0.1, 55.734375
1750802772.4942322, 0.1, 55.734375
1750802773.501313, 0.2, 55.734375
1750802774.5072289, 0.1, 55.734375
1750802775.5181172, 0.1, 55.734375
1750802776.522481, 0.1, 55.734375
1750802777.525409, 0.1, 55.734375
1750802778.5363479, 0.1, 55.734375
1750802779.541447, 0.1, 55.734375
1750802780.549879, 0.1, 55.734375
1750802781.552896, 0.1, 55.734375
1750802782.5566132, 0.1, 55.734375
1750802783.5608199, 0.1, 55.734375
1750802784.5637681, 0.1, 55.734375
1750802785.572691, 0.1, 55.734375
1750802786.575676, 0.1, 55.734375
1750802787.582033, 0.1, 55.734375
1750802788.5901382, 0.1, 55.734375
1750802789.59257, 0.1, 55.734375
1750802790.599703, 0.1, 55.734375
1750802791.604693, 0.1, 55.734375
1750802792.613968, 0.1, 55.734375
1750802793.618544, 0.1, 55.734375
1750802794.62672, 0.1, 55.734375
1750802795.629382, 0.1, 55.734375
1750802796.634908, 0.1, 55.734375
1750802797.638867, 0.1, 55.734375
1750802798.699033, 0.1, 55.734375
1750802799.703358, 0.1, 55.734375
1750802800.706421, 0.1, 55.734375
1750802801.709206, 0.1, 55.734375
1750802802.711971, 0.1, 55.734375
1750802803.7176828, 0.2, 55.734375
1750802804.726945, 0.0, 55.734375
1750802805.734894, 0.1, 55.734375
1750802806.741567, 0.1, 55.734375
1750802807.748002, 0.1, 55.734375
1750802808.7555132, 0.1, 55.734375
1750802809.76321, 0.1, 55.734375
1750802810.770462, 0.1, 55.734375
1750802811.775444, 0.1, 55.734375
1750802812.784012, 0.1, 55.734375
1750802813.790987, 0.1, 55.734375
1750802814.7990289, 0.1, 55.734375
1750802815.8091362, 0.1, 55.734375
1750802816.815365, 0.1, 55.734375
1750802817.820608, 0.2, 55.734375
1750802818.82621, 0.1, 55.734375
1750802819.8384619, 0.1, 55.734375
1750802820.844401, 0.1, 55.734375
1750802821.8473432, 0.1, 55.734375
1750802822.853931, 0.1, 55.734375
1750802823.856023, 0.1, 55.734375
1750802824.86706, 0.2, 55.734375
1750802825.870431, 0.1, 55.734375
1750802826.878567, 0.1, 55.734375
1750802827.881972, 0.1, 55.734375
1750802828.886038, 0.1, 55.734375
1750802829.88906, 0.1, 55.734375
1750802830.894707, 0.1, 55.734375
1750802831.900613, 0.1, 55.734375
1750802832.9038851, 0.1, 55.734375
1750802833.912719, 0.1, 55.734375
1750802834.915522, 0.1, 55.734375
1750802835.9207911, 0.1, 55.734375
1750802836.950507, 0.1, 55.734375
1750802837.960865, 0.1, 55.734375
1750802838.9682372, 0.1, 55.734375
1750802839.972963, 0.0, 55.734375
1750802840.980611, 0.1, 55.734375
1750802841.98466, 0.1, 55.734375
1750802842.99134, 0.1, 55.734375
1750802843.996489, 0.1, 55.734375
1750802845.00367, 0.1, 55.734375
1750802846.0120509, 0.2, 55.734375
1750802847.0193422, 0.1, 55.734375
1750802848.026714, 0.1, 55.734375
1750802849.032942, 0.1, 55.734375
1750802850.042479, 0.1, 55.734375
1750802851.046732, 0.1, 55.734375
1750802852.050518, 0.1, 55.734375
1750802853.053805, 0.1, 55.734375
1750802854.057395, 0.1, 55.734375
1750802855.0621068, 0.1, 55.734375
1750802856.064728, 0.1, 55.734375
1750802857.068471, 0.1, 55.734375
1750802858.073735, 0.1, 55.734375
1750802859.076467, 0.1, 55.734375
1750802860.0822349, 0.2, 55.734375
1750802861.0891268, 0.1, 55.734375
1750802862.0943182, 0.1, 55.734375
1750802863.098287, 0.1, 55.734375
1750802864.103065, 0.1, 55.734375
1750802865.111789, 0.1, 55.734375
1750802866.118449, 0.1, 55.734375
1750802867.125469, 0.1, 55.734375
1750802868.1354098, 0.1, 55.734375
1750802869.1489532, 0.1, 55.734375
1750802870.15609, 0.1, 55.734375
1750802871.16358, 0.1, 55.734375
1750802872.168253, 0.1, 55.734375
1750802873.175106, 0.1, 55.734375
1750802874.179683, 0.1, 55.734375
1750802875.188473, 0.1, 55.734375
1750802876.19622, 0.2, 55.734375
1750802877.202632, 0.1, 55.734375
1750802878.2064981, 0.1, 55.734375
1750802879.211808, 0.1, 55.734375
1750802880.22526, 0.1, 55.734375
1750802881.230557, 0.1, 55.734375
1750802882.237346, 0.1, 55.734375
1750802883.245661, 0.1, 55.734375
1750802884.254426, 0.1, 55.734375
1750802885.262392, 0.1, 55.734375
1750802886.269652, 0.1, 55.734375
1750802887.27409, 0.1, 55.734375
1750802888.284683, 0.2, 55.75
1750802889.29339, 0.1, 55.734375
1750802890.3096058, 0.1, 55.734375
1750802891.3179939, 0.1, 55.75
1750802892.324689, 0.1, 55.75
1750802893.331666, 0.1, 55.734375
1750802894.3344362, 0.1, 55.734375
1750802895.345868, 0.1, 55.734375
1750802896.348592, 0.1, 55.734375
1750802897.352428, 0.1, 55.734375
1750802898.360685, 0.1, 55.734375
1750802899.3688698, 0.1, 55.734375
1750802900.37245, 0.1, 55.734375
1750802901.386354, 0.1, 55.734375
1750802902.3919702, 0.1, 55.734375
1750802903.403507, 0.1, 55.734375
1750802904.40919, 0.1, 55.734375
1750802905.4169228, 0.1, 55.734375
1750802906.4201002, 0.1, 55.734375
1750802907.4252028, 0.1, 55.734375
1750802908.432087, 0.1, 55.734375
1750802909.44363, 0.1, 55.734375
1750802910.452194, 0.1, 55.734375
1750802911.456701, 0.1, 55.734375
1750802912.46891, 0.1, 55.734375
1750802913.481767, 0.1, 55.734375
1750802914.487935, 0.1, 55.734375
1750802915.496802, 0.1, 55.734375
1750802916.5009978, 0.1, 55.734375
1750802917.504426, 0.1, 55.734375
1750802918.5121999, 0.1, 55.734375
1750802919.51875, 0.1, 55.734375
1750802920.52756, 0.1, 55.734375
1750802921.5380569, 0.2, 55.734375
1750802922.5410008, 0.1, 55.734375
1750802923.5445728, 0.1, 55.734375
1750802924.548477, 0.1, 55.734375
1750802925.551959, 0.1, 55.734375
1750802926.556155, 0.1, 55.734375
1750802927.563275, 0.1, 55.734375
1750802928.570184, 0.1, 55.734375
1750802929.573927, 0.1, 55.734375
1750802930.583738, 0.1, 55.734375
1750802931.5912619, 0.2, 55.734375
1750802932.597853, 0.1, 55.734375
1750802933.605709, 0.1, 55.734375
1750802934.6140318, 0.1, 55.734375
1750802935.618391, 0.1, 55.734375
1750802936.622873, 0.1, 55.734375
1750802937.6312928, 0.1, 55.734375
1750802938.634558, 0.1, 55.734375
1750802939.6405802, 0.1, 55.734375
1750802940.648772, 0.1, 55.734375
1750802941.652123, 0.1, 55.734375
1750802942.661342, 0.1, 55.734375
1750802943.667424, 0.3, 55.734375
1750802944.680625, 0.1, 55.734375
1750802945.684244, 0.1, 55.734375
1750802946.6891499, 0.1, 55.734375
1750802947.696257, 0.1, 55.734375
1750802948.700686, 0.1, 55.734375
1750802949.704167, 0.1, 55.734375
1750802950.711641, 0.1, 55.734375
1750802951.716504, 0.1, 55.734375
1750802952.724142, 0.1, 55.734375
1750802953.731292, 0.2, 55.734375
1750802954.736444, 0.1, 55.734375
1750802955.7431219, 0.2, 55.734375
1750802956.753186, 0.1, 55.734375
1750802957.7575629, 0.1, 55.734375
1750802958.76175, 0.1, 55.734375
1750802959.7719061, 0.1, 55.734375
1750802960.7819111, 0.1, 55.734375
1750802961.784626, 0.1, 55.734375
1750802962.789122, 0.1, 55.734375
1750802963.7966459, 0.1, 55.734375
1750802964.80476, 0.1, 55.734375
1750802965.807075, 0.1, 55.734375
1750802966.811462, 0.1, 55.734375
1750802967.817621, 0.1, 55.734375
1750802968.821759, 0.1, 55.734375
1750802969.827214, 0.1, 55.734375
1750802970.851605, 0.1, 55.734375
1750802971.8609622, 0.2, 55.734375
1750802972.873226, 0.2, 55.734375
1750802973.878881, 0.1, 55.734375
1750802974.8904262, 0.2, 55.75
1750802975.895734, 0.1, 55.734375
1750802976.9080262, 0.2, 55.734375
1750802977.9135091, 0.1, 55.734375
1750802978.918792, 0.1, 55.734375
1750802979.9256299, 0.1, 55.734375
1750802980.929251, 0.1, 55.734375
1750802981.934016, 0.1, 55.734375
1750802982.943111, 0.1, 55.71875
1750802983.9853818, 0.1, 55.71875
1750802984.9894688, 0.1, 55.71875
1750802985.993718, 0.1, 55.71875
1750802987.002928, 0.1, 55.71875
1750802988.0067441, 0.1, 55.71875
1750802989.0136478, 0.1, 55.71875
1750802990.019974, 0.2, 55.71875
1750802991.023891, 0.1, 55.71875
1750802992.030891, 0.1, 55.71875
1750802993.035402, 0.0, 55.71875
1750802994.0436091, 0.1, 55.71875
1750802995.0503838, 0.1, 55.71875
1750802996.055184, 0.1, 55.71875
1750802997.065547, 0.1, 55.71875
1750802998.072503, 0.1, 55.71875
1750802999.0757592, 0.1, 55.71875
1750803000.0830112, 0.1, 55.71875
1750803001.094931, 0.1, 55.71875
1750803002.099725, 0.1, 55.71875
1750803003.107869, 0.1, 55.71875
1750803004.118025, 0.1, 55.71875
1750803005.12649, 0.1, 55.71875
1750803006.140485, 0.1, 55.71875
1750803007.1446888, 0.1, 55.71875
1750803008.15078, 0.1, 55.71875
1750803009.157763, 0.1, 55.734375
1750803010.164163, 0.1, 55.71875
1750803011.1675231, 0.1, 55.71875
1750803012.177967, 0.1, 55.71875
1750803013.18692, 0.1, 55.71875
1750803014.192118, 0.1, 55.71875
1750803015.19728, 0.1, 55.71875
1750803016.20318, 0.1, 55.71875
1750803017.21031, 0.1, 55.71875
1750803018.221483, 0.1, 55.71875
1750803019.225415, 0.1, 55.71875
1750803020.2291882, 0.1, 55.71875
1750803021.233283, 0.1, 55.71875
1750803022.237221, 0.1, 55.71875
1750803023.240788, 0.1, 55.71875
1750803024.246, 0.1, 55.71875
1750803025.249971, 0.1, 55.71875
1750803026.255984, 0.1, 55.71875
1750803027.263815, 0.1, 55.71875
1750803028.2690969, 0.1, 55.71875
1750803029.273644, 0.1, 55.71875
1750803030.283777, 0.1, 55.71875
1750803031.291081, 0.1, 55.71875
1750803032.296344, 0.1, 55.71875
1750803033.300343, 0.1, 55.71875
1750803034.305424, 0.1, 55.71875
1750803035.309408, 0.1, 55.71875
1750803036.316242, 0.1, 55.71875
1750803037.322506, 0.1, 55.71875
1750803038.329431, 0.1, 55.71875
1750803039.338888, 0.1, 55.71875
1750803040.341459, 0.1, 55.71875
1750803041.3460228, 0.1, 55.71875
1750803042.35043, 0.1, 55.71875
1750803043.357109, 0.1, 55.71875
1750803044.3655539, 0.1, 55.71875
1750803045.369826, 0.1, 55.71875
1750803046.37374, 0.1, 55.71875
1750803047.378276, 0.1, 55.71875
1750803048.383025, 0.1, 55.71875
1750803049.387069, 0.1, 55.71875
1750803050.396553, 0.1, 55.71875
1750803051.401815, 0.1, 55.71875
1750803052.406624, 0.1, 55.71875
1750803053.409894, 0.1, 55.71875
1750803054.413716, 0.1, 55.71875
1750803055.416565, 0.1, 55.71875
1750803056.426543, 0.1, 55.71875
1750803057.4315012, 0.1, 55.71875
1750803058.4368372, 0.1, 55.71875
1750803059.4392629, 0.1, 55.71875
1750803060.447562, 0.2, 55.71875
1750803061.4516659, 0.1, 55.71875
1750803062.460122, 0.1, 55.71875
1750803063.46437, 0.1, 55.71875
1750803064.468821, 0.1, 55.71875
1750803065.473408, 0.1, 55.71875
1750803066.477569, 0.1, 55.71875
1750803067.484614, 0.1, 55.71875
1750803068.492688, 0.1, 55.71875
1750803069.5007439, 0.1, 55.71875
1750803070.5068958, 0.1, 55.71875
1750803071.511563, 0.1, 55.71875
1750803072.517879, 0.1, 55.71875
1750803073.521533, 0.1, 55.71875
1750803074.5249221, 0.1, 55.71875
1750803075.5348868, 0.1, 55.71875
1750803076.541858, 0.1, 55.71875
1750803077.546178, 0.1, 55.71875
1750803078.553657, 0.1, 55.71875
1750803079.562101, 0.1, 55.71875
1750803080.572941, 0.1, 55.71875
1750803081.57835, 0.1, 55.71875
1750803082.5852082, 0.1, 55.71875
1750803083.588048, 0.1, 55.71875
1750803084.590206, 0.0, 55.71875
1750803085.594589, 0.1, 55.71875
1750803086.6002948, 0.1, 55.71875
1750803087.604359, 0.1, 55.71875
1750803088.609759, 0.1, 55.71875
1750803089.6151638, 0.1, 55.71875
1750803090.621401, 0.1, 55.71875
1750803091.628403, 0.1, 55.71875
1750803092.635085, 0.1, 55.71875
1750803093.639338, 0.1, 55.71875
1750803094.643357, 0.1, 55.71875
1750803095.646988, 0.1, 55.71875
1750803096.650552, 0.1, 55.71875
1750803097.657185, 0.1, 55.71875
1750803098.660581, 0.1, 55.71875
1750803099.6640372, 0.1, 55.71875
1750803100.667798, 0.1, 55.71875
1750803101.674453, 0.1, 55.71875
1750803102.6786292, 0.1, 55.71875
1750803103.6861749, 0.1, 55.71875
1750803104.689541, 0.1, 55.71875
1750803105.693768, 0.1, 55.71875
1750803106.6992059, 0.1, 55.71875
1750803107.7046778, 0.1, 55.71875
1750803108.714274, 0.2, 55.71875
1750803109.71788, 0.1, 55.71875
1750803110.722594, 0.1, 55.71875
1750803111.730208, 0.1, 55.71875
1750803112.7443578, 0.1, 55.71875
1750803113.747906, 0.1, 55.71875
1750803114.759118, 0.1, 55.71875
1750803115.764129, 0.1, 55.71875
1750803116.767061, 0.1, 55.71875
1750803117.772356, 0.1, 55.71875
1750803118.775931, 0.1, 55.71875
1750803119.7837398, 0.1, 55.71875
1750803120.794613, 0.1, 55.71875
1750803121.797708, 0.1, 55.71875
1750803122.801173, 0.1, 55.71875
1750803123.808327, 0.2, 55.71875
1750803124.817665, 0.1, 55.71875
1750803125.821619, 0.1, 55.71875
1750803126.8261209, 0.1, 55.71875
1750803127.829785, 0.1, 55.71875
1750803128.837377, 0.2, 55.71875
1750803129.843425, 0.1, 55.71875
1750803130.847392, 0.1, 55.71875
1750803131.8512158, 0.1, 55.71875
1750803132.854591, 0.1, 55.71875
1750803133.8600519, 0.1, 55.71875
1750803134.863748, 0.1, 55.71875
1750803135.8688052, 0.1, 55.71875
1750803136.872603, 0.1, 55.71875
1750803137.877014, 0.1, 55.71875
1750803138.883523, 0.2, 55.71875
1750803139.888107, 0.1, 55.71875
1750803140.891169, 0.1, 55.71875
1750803141.895942, 0.1, 55.71875
1750803142.900102, 0.1, 55.71875
1750803143.9048162, 0.1, 55.71875
1750803144.910114, 0.1, 55.71875
1750803145.920032, 0.1, 55.71875
1750803146.925897, 0.1, 55.71875
1750803147.930037, 0.1, 55.71875
1750803148.936733, 0.1, 55.71875
1750803149.941321, 0.1, 55.71875
1750803150.9486349, 0.1, 55.71875
1750803151.95446, 0.1, 55.71875
1750803152.959321, 0.1, 55.71875
1750803153.970268, 0.1, 55.71875
1750803154.976524, 0.2, 55.71875
1750803155.980292, 0.1, 55.71875
1750803156.984895, 0.1, 55.71875
1750803157.988051, 0.1, 55.71875
1750803158.992647, 0.1, 55.71875
1750803159.9980989, 0.1, 55.71875
1750803161.005554, 0.1, 55.71875
1750803162.0110981, 0.1, 55.71875
1750803163.0178869, 0.1, 55.71875
1750803164.021926, 0.1, 55.71875
1750803165.025331, 0.1, 55.71875
1750803166.030024, 0.1, 55.71875
1750803167.034407, 0.1, 55.71875
1750803168.038543, 0.1, 55.71875
1750803169.0421069, 0.1, 55.71875
1750803170.0477881, 0.1, 55.71875
1750803171.053298, 0.1, 55.71875
1750803172.061172, 0.1, 55.71875
1750803173.0680928, 0.1, 55.71875
1750803174.0773299, 0.1, 55.71875
1750803175.081953, 0.0, 55.71875
1750803176.084306, 0.1, 55.71875
1750803177.088096, 0.1, 55.71875
1750803178.0935402, 0.1, 55.71875
1750803179.1054678, 0.1, 55.71875
1750803180.118397, 0.2, 55.71875
1750803181.121069, 0.1, 55.71875
1750803182.125616, 0.1, 55.71875
1750803183.129641, 0.1, 55.71875
1750803184.140574, 0.1, 55.71875
1750803185.145298, 0.1, 55.71875
1750803186.1498518, 0.1, 55.71875
1750803187.153624, 0.1, 55.71875
1750803188.161031, 0.1, 55.71875
1750803189.164505, 0.1, 55.71875
1750803190.166703, 0.1, 55.71875
1750803191.1710389, 0.1, 55.71875
1750803192.173495, 0.1, 55.71875
1750803193.1785548, 0.1, 55.71875
1750803194.18261, 0.1, 55.71875
1750803195.189303, 0.1, 55.71875
1750803196.199702, 0.1, 55.71875
1750803197.205696, 0.1, 55.71875
1750803198.209287, 0.1, 55.71875
1750803199.212797, 0.1, 55.71875
1750803200.220472, 0.1, 55.71875
1750803201.226337, 0.1, 55.71875
1750803202.232979, 0.1, 55.71875
1750803203.2396019, 0.1, 55.71875
1750803204.243582, 0.1, 55.71875
1750803205.2469702, 0.1, 55.71875
1750803206.250261, 0.1, 55.71875
1750803207.254498, 0.1, 55.71875
1750803208.2582982, 0.1, 55.71875
1750803209.2675068, 0.1, 55.71875
1750803210.269763, 0.1, 55.71875
1750803211.275191, 0.1, 55.71875
1750803212.280082, 0.1, 55.71875
1750803213.285572, 0.1, 55.71875
1750803214.293483, 0.1, 55.71875
1750803215.297458, 0.1, 55.71875
1750803216.301924, 0.1, 55.71875
1750803217.306018, 0.2, 55.71875
1750803218.308925, 0.1, 55.71875
1750803219.322222, 0.1, 55.71875
1750803220.333854, 0.2, 55.71875
1750803221.3409128, 0.1, 55.71875
1750803222.347645, 0.1, 55.71875
1750803223.352949, 0.1, 55.71875
1750803224.357056, 0.1, 55.71875
1750803225.360445, 0.1, 55.71875
1750803226.36404, 0.1, 55.71875
1750803227.3709528, 0.1, 55.71875
1750803228.3934631, 0.1, 55.71875
1750803229.402527, 0.1, 55.71875
1750803230.410034, 0.1, 55.71875
1750803231.4332879, 0.1, 55.71875
1750803232.441801, 0.1, 55.71875
1750803233.44719, 0.1, 55.71875
1750803234.45212, 0.1, 55.71875
1750803235.456107, 0.1, 55.71875
1750803236.460608, 0.1, 55.71875
1750803237.4686341, 0.1, 55.71875
1750803238.474926, 0.1, 55.71875
1750803239.48869, 0.2, 55.71875
1750803240.497301, 0.1, 55.71875
1750803241.501625, 0.1, 55.71875
1750803242.505759, 0.1, 55.71875
1750803243.509768, 0.1, 55.71875
1750803244.514409, 0.1, 55.71875
1750803245.5196311, 0.1, 55.71875
1750803246.529664, 0.1, 55.71875
1750803247.536322, 0.1, 55.71875
1750803248.544238, 0.1, 55.71875
1750803249.5511239, 0.1, 55.71875
1750803250.55625, 0.1, 55.71875
1750803251.568459, 0.1, 55.71875
1750803252.5782442, 0.2, 55.71875
1750803253.582735, 0.1, 55.71875
1750803254.586426, 0.1, 55.71875
1750803255.5941272, 0.1, 55.71875
1750803256.6047318, 0.1, 55.71875
1750803257.613292, 0.1, 55.71875
1750803258.617852, 0.1, 55.71875
1750803259.620656, 0.1, 55.71875
1750803260.624276, 0.1, 55.71875
1750803261.627912, 0.1, 55.71875
1750803262.6343172, 0.1, 55.71875
1750803263.638153, 0.1, 55.71875
1750803264.64138, 0.1, 55.71875
1750803265.645421, 0.1, 55.71875
1750803266.650196, 0.1, 55.71875
1750803267.6554198, 0.1, 55.71875
1750803268.662549, 0.1, 55.71875
1750803269.667117, 0.1, 55.71875
1750803270.671529, 0.1, 55.71875
1750803271.676498, 0.1, 55.71875
1750803272.680823, 0.1, 55.71875
1750803273.684049, 0.1, 55.71875
1750803274.68811, 0.1, 55.71875
1750803275.693053, 0.1, 55.71875
1750803276.699956, 0.1, 55.71875
1750803277.703437, 0.1, 55.71875
1750803278.7082748, 0.1, 55.71875
1750803279.715244, 0.1, 55.71875
1750803280.723706, 0.1, 55.71875
1750803281.727071, 0.1, 55.71875
1750803282.7316139, 0.1, 55.71875
1750803283.7410262, 0.1, 55.71875
1750803284.7484329, 0.1, 55.71875
1750803285.7562392, 0.1, 55.71875
1750803286.759203, 0.1, 55.71875
1750803287.7618382, 0.1, 55.71875
1750803288.767749, 0.1, 55.71875
1750803289.769608, 0.1, 55.71875
1750803290.77427, 0.1, 55.71875
1750803291.7802722, 0.1, 55.71875
1750803292.792212, 0.1, 55.71875
1750803293.797699, 0.1, 55.71875
1750803294.801177, 0.1, 55.71875
1750803295.806488, 0.1, 55.71875
1750803296.8108249, 0.1, 55.71875
1750803297.814254, 0.1, 55.71875
1750803298.818005, 0.1, 55.71875
1750803299.821047, 0.1, 55.71875
1750803300.825259, 0.1, 55.71875
1750803301.829064, 0.1, 55.71875
1750803302.835449, 0.1, 55.71875
1750803303.844405, 0.1, 55.71875
1750803304.848814, 0.1, 55.71875
1750803305.8532639, 0.1, 55.71875
1750803306.85615, 0.0, 55.71875
1750803307.859565, 0.1, 55.71875
1750803308.8627121, 0.1, 55.71875
1750803309.867318, 0.1, 55.71875
1750803310.872007, 0.1, 55.71875
1750803311.875617, 0.1, 55.71875
1750803312.879308, 0.1, 55.71875
1750803313.883615, 0.1, 55.71875
1750803314.889987, 0.1, 55.71875
1750803315.894363, 0.1, 55.71875
1750803316.8986099, 0.1, 55.71875
1750803317.910433, 0.1, 55.71875
1750803318.914378, 0.1, 55.71875
1750803319.919789, 0.1, 55.71875
1750803320.940546, 0.1, 55.71875
1750803321.949874, 0.1, 55.71875
1750803322.9566069, 0.1, 55.71875
1750803323.9608371, 0.1, 55.71875
1750803324.969182, 0.1, 55.71875
1750803325.977771, 0.1, 55.71875
1750803326.984757, 0.1, 55.71875
1750803327.99048, 0.1, 55.71875
1750803328.996384, 0.1, 55.71875
1750803330.006125, 0.1, 55.71875
1750803331.011701, 0.1, 55.71875
1750803332.01548, 0.1, 55.71875
1750803333.019603, 0.1, 55.71875
1750803334.0232441, 0.1, 55.71875
1750803335.028478, 0.1, 55.71875
1750803336.0334022, 0.1, 55.71875
1750803337.036285, 0.1, 55.71875
1750803338.040798, 0.1, 55.71875
1750803339.047464, 0.1, 55.71875
1750803340.050626, 0.1, 55.71875
1750803341.054879, 0.1, 55.71875
1750803342.060877, 0.1, 55.71875
1750803343.070144, 0.1, 55.71875
1750803344.073159, 0.1, 55.71875
1750803345.078712, 0.1, 55.71875
1750803346.081759, 0.1, 55.71875
1750803347.0862, 0.1, 55.71875
1750803348.089646, 0.1, 55.71875
1750803349.10148, 0.1, 55.71875
1750803350.104702, 0.1, 55.71875
1750803351.109823, 0.1, 55.71875
1750803352.114603, 0.1, 55.71875
1750803353.118643, 0.1, 55.71875
1750803354.130643, 0.1, 55.71875
1750803355.136387, 0.1, 55.71875
1750803356.144583, 0.1, 55.71875
1750803357.148899, 0.1, 55.71875
1750803358.152669, 0.1, 55.71875
1750803359.158684, 0.1, 55.71875
1750803360.166255, 0.1, 55.71875
1750803361.17086, 0.1, 55.71875
1750803362.175652, 0.1, 55.71875
1750803363.1803598, 0.1, 55.71875
1750803364.184617, 0.1, 55.71875
1750803365.190884, 0.1, 55.71875
1750803366.1974971, 0.1, 55.71875
1750803367.203274, 0.1, 55.71875
1750803368.205654, 0.1, 55.71875
1750803369.2088242, 0.1, 55.71875
1750803370.211692, 0.1, 55.71875
1750803371.216183, 0.1, 55.71875
1750803372.220151, 0.1, 55.71875
1750803373.224003, 0.1, 55.71875
1750803374.230304, 0.1, 55.71875
1750803375.2361019, 0.1, 55.71875
1750803376.240211, 0.1, 55.71875
1750803377.249064, 0.1, 55.71875
1750803378.253999, 0.1, 55.71875
1750803379.2571032, 0.1, 55.71875
1750803380.2599192, 0.1, 55.71875
1750803381.2695382, 0.1, 55.71875
1750803382.272236, 0.1, 55.71875
1750803383.277937, 0.1, 55.71875
1750803384.2846909, 0.1, 55.71875
1750803385.287531, 0.1, 55.71875
1750803386.309082, 0.1, 55.703125
1750803387.324269, 0.1, 55.578125
1750803388.33325, 0.1, 55.578125
1750803389.340112, 0.1, 55.578125
1750803390.3497229, 0.1, 55.578125
1750803391.356746, 0.1, 55.578125
1750803392.362787, 0.2, 55.578125
1750803393.3688068, 0.1, 55.578125
1750803394.376317, 0.1, 55.578125
1750803395.387447, 0.1, 55.578125
1750803396.402682, 0.1, 55.578125
1750803397.408619, 0.1, 55.578125
1750803398.414491, 0.1, 55.578125
1750803399.4207191, 0.1, 55.578125
1750803400.4289348, 0.1, 55.578125
1750803401.43629, 0.1, 55.578125
1750803402.445749, 0.1, 55.578125
1750803403.453888, 0.1, 55.578125
1750803404.459435, 0.1, 55.578125
1750803405.4684641, 0.1, 55.578125
1750803406.476237, 0.1, 55.578125
1750803407.479224, 0.1, 55.578125
1750803408.484226, 0.1, 55.578125
1750803409.487164, 0.1, 55.578125
1750803410.496761, 0.1, 55.578125
1750803411.501342, 0.1, 55.578125
1750803412.504918, 0.1, 55.578125
1750803413.511374, 0.1, 55.578125
1750803414.5168462, 0.1, 55.578125
1750803415.521267, 0.1, 55.578125
1750803416.525683, 0.1, 55.578125
1750803417.529109, 0.1, 55.578125
1750803418.532964, 0.1, 55.578125
1750803419.5382981, 0.1, 55.578125
1750803420.5465212, 0.1, 55.578125
1750803421.5510132, 0.1, 55.578125
1750803422.5575418, 0.2, 55.578125
1750803423.564223, 0.1, 55.578125
1750803424.5701902, 0.1, 55.578125
1750803425.575691, 0.1, 55.578125
1750803426.5844219, 0.1, 55.578125
1750803427.588465, 0.1, 55.578125
1750803428.596, 0.2, 55.578125
1750803429.603721, 0.1, 55.578125
1750803430.611053, 0.1, 55.578125
1750803431.618504, 0.1, 55.578125
1750803432.6227682, 0.1, 55.578125
1750803433.632086, 0.1, 55.578125
1750803434.635347, 0.1, 55.578125
1750803435.638634, 0.1, 55.578125
1750803436.64576, 0.2, 55.578125
1750803437.653984, 0.1, 55.578125
1750803438.659847, 0.1, 55.578125
1750803439.663935, 0.1, 55.578125
1750803440.6761541, 0.2, 55.578125
1750803441.688294, 0.1, 55.578125
1750803442.6962051, 0.1, 55.578125
1750803443.700314, 0.1, 55.578125
1750803444.705535, 0.1, 55.578125
1750803445.712895, 0.2, 55.578125
1750803446.7299461, 0.1, 55.578125
1750803447.739682, 0.1, 55.578125
1750803448.746998, 0.1, 55.578125
1750803449.7508821, 0.1, 55.578125
1750803450.754389, 0.1, 55.578125
1750803451.764714, 0.1, 55.578125
1750803452.767838, 0.1, 55.578125
1750803453.772372, 0.1, 55.578125
1750803454.779433, 0.1, 55.578125
1750803455.785907, 0.1, 55.578125
1750803456.793782, 0.2, 55.578125
1750803457.798263, 0.1, 55.578125
1750803458.800801, 0.1, 55.578125
1750803459.804471, 0.1, 55.578125
1750803460.8127759, 0.1, 55.578125
1750803461.8171678, 0.1, 55.578125
1750803462.825472, 0.1, 55.578125
1750803463.829159, 0.1, 55.578125
1750803464.836442, 0.1, 55.578125
1750803465.83955, 0.1, 55.578125
1750803466.8424058, 0.1, 55.578125
1750803467.8475552, 0.1, 55.578125
1750803468.8550038, 0.1, 55.578125
1750803469.868823, 0.1, 55.578125
1750803470.872024, 0.1, 55.578125
1750803471.882159, 0.1, 55.578125
1750803472.88615, 0.1, 55.578125
1750803473.895136, 0.1, 55.578125
1750803474.900615, 0.1, 55.578125
1750803475.905907, 0.1, 55.578125
1750803476.91814, 0.2, 55.578125
1750803477.9243908, 0.1, 55.578125
1750803478.928776, 0.1, 55.578125
1750803479.934856, 0.1, 55.578125
1750803480.940345, 0.2, 55.578125
1750803481.9458659, 0.1, 55.578125
1750803482.953614, 0.2, 55.578125
1750803483.965076, 0.1, 55.578125
1750803484.970856, 0.2, 55.578125
1750803485.983556, 0.1, 55.578125
1750803486.990143, 0.1, 55.578125
1750803487.9938428, 0.1, 55.578125
1750803489.00319, 0.1, 55.578125
1750803490.0078652, 0.1, 55.578125
1750803491.014873, 0.1, 55.578125
1750803492.018697, 0.1, 55.578125
1750803493.0245628, 0.1, 55.578125
1750803494.033859, 0.2, 55.578125
1750803495.036824, 0.1, 55.578125
1750803496.045731, 0.1, 55.578125
1750803497.0553331, 0.1, 55.578125
1750803498.063145, 0.1, 55.578125
1750803499.073739, 0.1, 55.578125
1750803500.080874, 0.1, 55.578125
1750803501.08396, 0.1, 55.578125
1750803502.087803, 0.1, 55.578125
1750803503.09084, 0.1, 55.578125
1750803504.096315, 0.1, 55.578125
1750803505.103177, 0.2, 55.578125
1750803506.108502, 0.1, 55.578125
1750803507.112454, 0.1, 55.578125
1750803508.120003, 0.1, 55.578125
1750803509.123589, 0.1, 55.578125
1750803510.132031, 0.1, 55.578125
1750803511.145807, 0.1, 55.578125
1750803512.1549299, 0.1, 55.578125
1750803513.165196, 0.1, 55.578125
1750803514.1685581, 0.1, 55.578125
1750803515.174186, 0.1, 55.578125
1750803516.179332, 0.1, 55.578125
1750803517.184767, 0.2, 55.578125
1750803518.1932611, 0.1, 55.578125
1750803519.2005272, 0.1, 55.578125
1750803520.204492, 0.1, 55.578125
1750803521.216321, 0.2, 55.578125
1750803522.22085, 0.1, 55.578125
1750803523.229134, 0.1, 55.578125
1750803524.2346492, 0.3, 55.578125
1750803525.239264, 0.1, 55.578125
1750803526.244473, 0.1, 55.578125
1750803527.247574, 0.1, 55.578125
1750803528.251722, 0.1, 55.578125
1750803529.254802, 0.1, 55.578125
1750803530.2594922, 0.1, 55.578125
1750803531.2657862, 0.1, 55.578125
1750803532.269067, 0.1, 55.578125
1750803533.2853818, 0.1, 55.578125
1750803534.291071, 0.1, 55.578125
1750803535.294632, 0.1, 55.578125
1750803536.297834, 0.1, 55.578125
1750803537.3021922, 0.1, 55.578125
1750803538.3120158, 0.2, 55.578125
1750803539.319722, 0.1, 55.578125
1750803540.327788, 0.1, 55.578125
1750803541.3322492, 0.1, 55.578125
1750803542.337883, 0.1, 55.578125
1750803543.345184, 0.1, 55.578125
1750803544.3486888, 0.1, 55.578125
1750803545.3533828, 0.1, 55.578125
1750803546.357502, 0.1, 55.578125
1750803547.362035, 0.1, 55.578125
1750803548.368842, 0.1, 55.578125
1750803549.372061, 0.1, 55.578125
1750803550.374723, 0.1, 55.578125
1750803551.379102, 0.1, 55.578125
1750803552.384555, 0.1, 55.578125
1750803553.3889961, 0.1, 55.578125
1750803554.394007, 0.1, 55.578125
1750803555.401093, 0.2, 55.578125
1750803556.405258, 0.1, 55.578125
1750803557.410773, 0.1, 55.578125
1750803558.41579, 0.1, 55.578125
1750803559.4185321, 0.1, 55.578125
1750803560.4213161, 0.1, 55.578125
1750803561.426613, 0.1, 55.578125
1750803562.4353511, 0.1, 55.578125
1750803563.4441001, 0.1, 55.578125
1750803564.4483972, 0.1, 55.578125
1750803565.451536, 0.1, 55.578125
1750803566.454737, 0.1, 55.578125
1750803567.4594471, 0.1, 55.578125
1750803568.465982, 0.1, 55.578125
1750803569.4702342, 0.1, 55.578125
1750803570.474486, 0.1, 55.578125
1750803571.479978, 0.1, 55.578125
1750803572.484258, 0.1, 55.578125
1750803573.4890182, 0.1, 55.578125
1750803574.494275, 0.1, 55.578125
1750803575.504096, 0.2, 55.578125
1750803576.512754, 0.1, 55.578125
1750803577.5159948, 0.1, 55.578125
1750803578.521924, 0.1, 55.578125
1750803579.5283918, 0.1, 55.578125
1750803580.532796, 0.1, 55.578125
1750803581.538271, 0.1, 55.578125
1750803582.5447822, 0.1, 55.578125
1750803583.5470002, 0.1, 55.578125
1750803584.549869, 0.1, 55.578125
1750803585.555489, 0.1, 55.578125
1750803586.563633, 0.1, 55.578125
1750803587.567727, 0.1, 55.578125
1750803588.573251, 0.1, 55.578125
1750803589.5794141, 0.1, 55.578125
1750803590.584624, 0.1, 55.578125
1750803591.5896199, 0.1, 55.578125
1750803592.595516, 0.1, 55.578125
1750803593.59859, 0.1, 55.578125
1750803594.6016011, 0.1, 55.578125
1750803595.604409, 0.1, 55.578125
1750803596.612027, 0.1, 55.578125
1750803597.6149151, 0.1, 55.578125
1750803598.618602, 0.1, 55.578125
1750803599.621901, 0.1, 55.578125
1750803600.625963, 0.1, 55.578125
1750803601.6297731, 0.1, 55.578125
1750803602.633013, 0.1, 55.578125
1750803603.636992, 0.1, 55.578125
1750803604.642708, 0.1, 55.578125
1750803605.64784, 0.1, 55.578125
1750803606.65232, 0.1, 55.578125
1750803607.6564429, 0.1, 55.578125
1750803608.659648, 0.1, 55.578125
1750803609.663362, 0.1, 55.578125
1750803610.666873, 0.1, 55.578125
1750803611.6711512, 0.1, 55.578125
1750803612.677902, 0.1, 55.578125
1750803613.680992, 0.1, 55.578125
1750803614.6864371, 0.1, 55.578125
1750803615.690658, 0.1, 55.578125
1750803616.694988, 0.1, 55.578125
1750803617.698581, 0.1, 55.578125
1750803618.7032971, 0.1, 55.578125
1750803619.709624, 0.1, 55.578125
1750803620.712995, 0.1, 55.578125
1750803621.715308, 0.1, 55.578125
1750803622.7253919, 0.1, 55.578125
1750803623.7285151, 0.1, 55.578125
1750803624.7323132, 0.1, 55.578125
1750803625.738293, 0.1, 55.578125
1750803626.743258, 0.1, 55.578125
1750803627.7507288, 0.1, 55.578125
1750803628.755445, 0.1, 55.578125
1750803629.7610838, 0.1, 55.578125
1750803630.765737, 0.1, 55.578125
1750803631.771693, 0.1, 55.578125
1750803632.776598, 0.1, 55.578125
1750803633.780881, 0.1, 55.578125
1750803634.78437, 0.1, 55.578125
1750803635.7874591, 0.1, 55.578125
1750803636.792166, 0.1, 55.578125
1750803637.799663, 0.1, 55.578125
1750803638.804801, 0.1, 55.578125
1750803639.809673, 0.1, 55.578125
1750803640.813169, 0.1, 55.578125
1750803641.8161669, 0.1, 55.578125
1750803642.821316, 0.1, 55.578125
1750803643.8269608, 0.1, 55.578125
1750803644.83216, 0.1, 55.578125
1750803645.8410199, 0.1, 55.578125
1750803646.849101, 0.1, 55.578125
1750803647.854762, 0.1, 55.578125
1750803648.8579872, 0.1, 55.578125
1750803649.863627, 0.1, 55.578125
1750803650.8696718, 0.1, 55.578125
1750803651.877367, 0.1, 55.578125
1750803652.882307, 0.1, 55.578125
1750803653.887284, 0.1, 55.578125
1750803654.895838, 0.1, 55.578125
1750803655.902709, 0.1, 55.578125
1750803656.90639, 0.1, 55.578125
1750803657.910031, 0.1, 55.578125
1750803658.913195, 0.1, 55.578125
1750803659.916066, 0.1, 55.578125
1750803660.919392, 0.1, 55.578125
1750803661.9237142, 0.1, 55.578125
1750803662.926977, 0.1, 55.578125
1750803663.930629, 0.1, 55.578125
1750803664.937657, 0.1, 55.578125
1750803665.9399428, 0.1, 55.578125
1750803666.943291, 0.1, 55.578125
1750803667.947346, 0.1, 55.578125
1750803668.950444, 0.1, 55.578125
1750803669.957309, 0.1, 55.578125
1750803670.964179, 0.1, 55.578125
1750803671.971092, 0.2, 55.578125
1750803672.9748712, 0.1, 55.578125
1750803673.980104, 0.1, 55.578125
1750803674.983818, 0.1, 55.578125
1750803675.9915142, 0.1, 55.578125
1750803676.9952571, 0.1, 55.578125
1750803678.000154, 0.1, 55.578125
1750803679.003329, 0.1, 55.578125
1750803680.0049138, 0.0, 55.578125
1750803681.014046, 0.1, 55.578125
1750803682.020442, 0.1, 55.578125
1750803683.026716, 0.1, 55.578125
1750803684.035331, 0.1, 55.578125
1750803685.0404859, 0.1, 55.578125
1750803686.043479, 0.1, 55.578125
1750803687.045792, 0.1, 55.578125
1750803688.055846, 0.1, 55.578125
1750803689.058736, 0.1, 55.578125
1750803690.061763, 0.1, 55.578125
1750803691.0694048, 0.1, 55.578125
1750803692.073859, 0.1, 55.578125
1750803693.078629, 0.1, 55.578125
1750803694.088064, 0.1, 55.578125
1750803695.0905228, 0.1, 55.578125
1750803696.097488, 0.1, 55.578125
1750803697.1020958, 0.1, 55.578125
1750803698.105449, 0.1, 55.578125
1750803699.1112661, 0.1, 55.578125
1750803700.114454, 0.1, 55.578125
1750803701.119045, 0.1, 55.578125
1750803702.126501, 0.1, 55.578125
1750803703.130827, 0.1, 55.578125
1750803704.133559, 0.1, 55.578125
1750803705.1369019, 0.1, 55.578125
1750803706.140189, 0.1, 55.578125
1750803707.144937, 0.1, 55.578125
1750803708.1511402, 0.1, 55.578125
1750803709.1573849, 0.1, 55.578125
1750803710.162626, 0.1, 55.578125
1750803711.1662452, 0.1, 55.578125
1750803712.171339, 0.1, 55.578125
1750803713.174989, 0.1, 55.578125
1750803714.180404, 0.1, 55.578125
1750803715.183658, 0.1, 55.578125
1750803716.185983, 0.1, 55.578125
1750803717.189263, 0.1, 55.578125
1750803718.192364, 0.1, 55.578125
1750803719.196244, 0.1, 55.578125
1750803720.2007492, 0.1, 55.578125
1750803721.206014, 0.1, 55.578125
1750803722.210113, 0.1, 55.578125
1750803723.214108, 0.1, 55.578125
1750803724.218055, 0.1, 55.578125
1750803725.224737, 0.1, 55.578125
1750803726.2309499, 0.1, 55.578125
1750803727.2402189, 0.1, 55.578125
1750803728.244226, 0.1, 55.578125
1750803729.2478669, 0.1, 55.578125
1750803730.252177, 0.1, 55.578125
1750803731.256445, 0.1, 55.578125
1750803732.260341, 0.1, 55.578125
1750803733.2656481, 0.1, 55.578125
1750803734.270733, 0.1, 55.578125
1750803735.275457, 0.1, 55.578125
1750803736.2788749, 0.1, 55.578125
1750803737.2895648, 0.1, 55.578125
1750803738.33484, 0.1, 55.578125
1750803739.340232, 0.1, 55.578125
1750803740.343104, 0.1, 55.578125
1750803741.347189, 0.1, 55.578125
1750803742.35764, 0.1, 55.578125
1750803743.3611908, 0.1, 55.578125
1750803744.3671, 0.1, 55.578125
1750803745.376398, 0.1, 55.578125
1750803746.382696, 0.1, 55.578125
1750803747.3870301, 0.1, 55.578125
1750803748.397975, 0.0, 55.578125
1750803749.400675, 0.1, 55.578125
1750803750.405569, 0.1, 55.578125
1750803751.4103858, 0.1, 55.578125
1750803752.418033, 0.1, 55.578125
1750803753.4252632, 0.1, 55.578125
1750803754.429467, 0.1, 55.578125
1750803755.435788, 0.1, 55.578125
1750803756.4442089, 0.2, 55.578125
1750803757.447131, 0.1, 55.578125
1750803758.4596632, 0.1, 55.578125
1750803759.465916, 0.1, 55.578125
1750803760.4726841, 0.1, 55.578125
1750803761.479021, 0.1, 55.578125
1750803762.482495, 0.1, 55.578125
1750803763.485848, 0.1, 55.578125
1750803764.4966679, 0.2, 55.578125
1750803765.499821, 0.1, 55.578125
1750803766.502576, 0.1, 55.578125
1750803767.5059881, 0.1, 55.578125
1750803768.5102642, 0.1, 55.578125
1750803769.513151, 0.1, 55.578125
1750803770.516525, 0.1, 55.578125
1750803771.521769, 0.1, 55.578125
1750803772.5255868, 0.1, 55.578125
1750803773.529109, 0.1, 55.578125
1750803774.538264, 0.1, 55.578125
1750803775.541145, 0.1, 55.578125
1750803776.545364, 0.1, 55.578125
1750803777.5495749, 0.1, 55.578125
1750803778.552463, 0.1, 55.578125
1750803779.5619981, 0.1, 55.578125
1750803780.5696309, 0.1, 55.578125
1750803781.574334, 0.1, 55.578125
1750803782.578014, 0.1, 55.578125
1750803783.5814579, 0.1, 55.578125
1750803784.585742, 0.1, 55.578125
1750803785.5932941, 0.1, 55.578125
1750803786.5966249, 0.1, 55.578125
1750803787.607473, 0.1, 55.578125
1750803788.6131, 0.1, 55.578125
1750803789.617304, 0.1, 55.578125
1750803790.622707, 0.1, 55.578125
1750803791.627472, 0.1, 55.578125
1750803792.6341, 0.1, 55.578125
1750803793.6366851, 0.1, 55.578125
1750803794.642196, 0.1, 55.578125
1750803795.647796, 0.1, 55.578125
1750803796.656001, 0.1, 55.578125
1750803797.6594481, 0.1, 55.578125
1750803798.665069, 0.1, 55.578125
1750803799.671417, 0.2, 55.578125
1750803800.675637, 0.1, 55.578125
1750803801.678777, 0.1, 55.578125
1750803802.68223, 0.1, 55.578125
1750803803.6856902, 0.1, 55.578125
1750803804.6918359, 0.1, 55.578125
1750803805.7010481, 0.1, 55.578125
1750803806.704305, 0.1, 55.578125
1750803807.7090728, 0.1, 55.578125
1750803808.7116501, 0.1, 55.578125
1750803809.714269, 0.1, 55.578125
1750803810.7233229, 0.1, 55.578125
1750803811.7285151, 0.1, 55.578125
1750803812.732898, 0.1, 55.578125
1750803813.736908, 0.1, 55.578125
1750803814.740633, 0.1, 55.578125
1750803815.746036, 0.1, 55.578125
1750803816.7530801, 0.1, 55.578125
1750803817.762732, 0.1, 55.578125
1750803818.7720041, 0.1, 55.578125
1750803819.786429, 0.1, 55.578125
1750803820.791689, 0.1, 55.578125
1750803821.7947462, 0.1, 55.578125
1750803822.7985768, 0.1, 55.578125
1750803823.807488, 0.1, 55.578125
1750803824.815465, 0.1, 55.578125
1750803825.823513, 0.1, 55.578125
1750803826.828966, 0.1, 55.578125
1750803827.835968, 0.1, 55.578125
1750803828.848107, 0.1, 55.578125
1750803829.8553002, 0.1, 55.578125
1750803830.865451, 0.1, 55.578125
1750803831.871208, 0.1, 55.578125
1750803832.873642, 0.1, 55.578125
1750803833.879694, 0.1, 55.578125
1750803834.8834062, 0.1, 55.578125
1750803835.886272, 0.1, 55.578125
1750803836.897847, 0.1, 55.578125
1750803837.906251, 0.1, 55.578125
1750803838.911165, 0.1, 55.578125
1750803839.922199, 0.1, 55.578125
1750803840.927111, 0.1, 55.578125
1750803841.938076, 0.1, 55.578125
1750803842.9510589, 0.1, 55.578125
1750803843.9570749, 0.1, 55.578125
1750803844.964562, 0.1, 55.578125
1750803845.967484, 0.1, 55.578125
1750803846.976373, 0.1, 55.578125
1750803847.981889, 0.1, 55.578125
1750803848.987155, 0.1, 55.578125
1750803850.002093, 0.1, 55.578125
1750803851.011654, 0.1, 55.578125
1750803852.024369, 0.1, 55.578125
1750803853.0423439, 0.1, 55.578125
1750803854.0502112, 0.1, 55.578125
1750803855.0565782, 0.1, 55.59375
1750803856.059765, 0.1, 55.578125
1750803857.066911, 0.1, 55.578125
1750803858.072949, 0.1, 55.578125
1750803859.081224, 0.1, 55.578125
1750803860.083951, 0.1, 55.578125
1750803861.089592, 0.1, 55.578125
1750803862.094502, 0.1, 55.578125
1750803863.0984929, 0.1, 55.578125
1750803864.101407, 0.1, 55.578125
1750803865.105889, 0.1, 55.578125
1750803866.110209, 0.1, 55.578125
1750803867.116523, 0.1, 55.578125
1750803868.124535, 0.1, 55.578125
1750803869.128182, 0.1, 55.578125
1750803870.137507, 0.1, 55.578125
1750803871.1401448, 0.1, 55.578125
1750803872.147437, 0.1, 55.578125
1750803873.158407, 0.1, 55.578125
1750803874.164242, 0.1, 55.578125
1750803875.1791391, 0.1, 55.578125
1750803876.190361, 0.1, 55.578125
1750803877.198345, 0.1, 55.578125
1750803878.207957, 0.1, 55.578125
1750803879.216424, 0.1, 55.578125
1750803880.222751, 0.1, 55.578125
1750803881.230412, 0.1, 55.578125
1750803882.23728, 0.1, 55.578125
1750803883.24064, 0.1, 55.578125
1750803884.2493818, 0.1, 55.578125
1750803885.2575, 0.1, 55.578125
1750803886.260899, 0.1, 55.578125
1750803887.269929, 0.1, 55.578125
1750803888.27633, 0.1, 55.578125
1750803889.282482, 0.1, 55.578125
1750803890.2924092, 0.1, 55.578125
1750803891.298144, 0.1, 55.578125
1750803892.303173, 0.1, 55.578125
1750803893.3071868, 0.1, 55.578125
1750803894.317137, 0.1, 55.578125
1750803895.324784, 0.1, 55.578125
1750803896.3280761, 0.1, 55.578125
1750803897.332042, 0.1, 55.578125
1750803898.338762, 0.1, 55.578125
1750803899.3474162, 0.1, 55.578125
1750803900.353725, 0.1, 55.578125
1750803901.361609, 0.1, 55.578125
1750803902.3653839, 0.1, 55.578125
1750803903.369793, 0.1, 55.578125
1750803904.376343, 0.1, 55.578125
1750803905.3793879, 0.1, 55.578125
1750803906.381664, 0.1, 55.578125
1750803907.3868759, 0.1, 55.578125
1750803908.3941891, 0.1, 55.578125
1750803909.398772, 0.1, 55.578125
1750803910.404017, 0.1, 55.578125
1750803911.416367, 0.1, 55.578125
1750803912.419416, 0.1, 55.578125
1750803913.424722, 0.1, 55.578125
1750803914.432893, 0.1, 55.578125
1750803915.439198, 0.1, 55.578125
1750803916.444833, 0.1, 55.578125
1750803917.451901, 0.1, 55.578125
1750803918.456299, 0.1, 55.578125
1750803919.464236, 0.1, 55.578125
1750803920.470298, 0.1, 55.578125
1750803921.476778, 0.1, 55.578125
1750803922.481418, 0.1, 55.578125
1750803923.486463, 0.1, 55.578125
1750803924.490865, 0.1, 55.578125
1750803925.49664, 0.1, 55.578125
1750803926.504927, 0.2, 55.578125
1750803927.516105, 0.1, 55.578125
1750803928.520771, 0.1, 55.578125
1750803929.525631, 0.1, 55.578125
1750803930.52967, 0.1, 55.578125
1750803931.5334451, 0.1, 55.578125
1750803932.538501, 0.1, 55.578125
1750803933.546155, 0.1, 55.578125
1750803934.553666, 0.1, 55.578125
1750803935.56333, 0.1, 55.578125
1750803936.565956, 0.1, 55.578125
1750803937.570466, 0.1, 55.578125
1750803938.578091, 0.1, 55.578125
1750803939.5881002, 0.1, 55.578125
1750803940.5930681, 0.1, 55.578125
1750803941.5954292, 0.1, 55.578125
1750803942.5990431, 0.1, 55.578125
1750803943.6017432, 0.1, 55.578125
1750803944.609628, 0.1, 55.578125
1750803945.623455, 0.1, 55.578125
1750803946.632023, 0.1, 55.578125
1750803947.6446772, 0.1, 55.578125
1750803948.649855, 0.1, 55.578125
1750803949.659373, 0.1, 55.578125
1750803950.6681652, 0.1, 55.578125
1750803951.674927, 0.2, 55.578125
1750803952.678847, 0.1, 55.578125
1750803953.683166, 0.1, 55.578125
1750803954.690187, 0.1, 55.578125
1750803955.694248, 0.1, 55.578125
1750803956.7024472, 0.1, 55.578125
1750803957.706083, 0.1, 55.578125
1750803958.7115068, 0.1, 55.578125
1750803959.7161942, 0.1, 55.578125
1750803960.7227478, 0.1, 55.578125
1750803961.724976, 0.1, 55.578125
1750803962.7331898, 0.1, 55.578125
1750803963.737716, 0.1, 55.578125
1750803964.73975, 0.0, 55.578125
1750803965.7430289, 0.1, 55.578125
1750803966.746166, 0.1, 55.578125
1750803967.751588, 0.1, 55.578125
1750803968.757798, 0.1, 55.578125
1750803969.760951, 0.1, 55.578125
1750803970.768338, 0.1, 55.578125
1750803971.7756999, 0.1, 55.578125
1750803972.785604, 0.2, 55.578125
1750803973.788085, 0.1, 55.578125
1750803974.791141, 0.1, 55.578125
1750803975.796915, 0.1, 55.578125
1750803976.80018, 0.1, 55.578125
1750803977.807741, 0.1, 55.578125
1750803978.8129861, 0.1, 55.578125
1750803979.8215082, 0.1, 55.578125
1750803980.826247, 0.1, 55.578125
1750803981.8363688, 0.1, 55.578125
1750803982.8409111, 0.1, 55.578125
1750803983.847531, 0.1, 55.578125
1750803984.849615, 0.1, 55.578125
1750803985.852521, 0.1, 55.578125
1750803986.857379, 0.1, 55.578125
1750803987.864979, 0.1, 55.578125
1750803988.871422, 0.1, 55.578125
1750803989.87435, 0.1, 55.578125
1750803990.8789709, 0.1, 55.578125
1750803991.887705, 0.1, 55.578125
1750803992.890917, 0.1, 55.578125
1750803993.89516, 0.1, 55.578125
1750803994.897913, 0.1, 55.578125
1750803995.9015439, 0.1, 55.578125
1750803996.905994, 0.1, 55.578125
1750803997.912273, 0.1, 55.578125
1750803998.9165041, 0.1, 55.578125
1750803999.919853, 0.1, 55.578125
1750804000.927207, 0.1, 55.578125
1750804001.929678, 0.1, 55.578125
1750804002.932564, 0.1, 55.578125
1750804003.935223, 0.1, 55.578125
1750804004.938045, 0.1, 55.578125
1750804005.942061, 0.1, 55.578125
1750804006.945667, 0.1, 55.578125
1750804007.949766, 0.1, 55.578125
1750804008.9534562, 0.1, 55.578125
1750804009.959361, 0.1, 55.578125
1750804010.963073, 0.1, 55.578125
1750804011.968603, 0.1, 55.578125
1750804012.972095, 0.1, 55.578125
1750804013.9753332, 0.1, 55.578125
1750804014.977987, 0.1, 55.578125
1750804015.984931, 0.1, 55.578125
1750804016.9903638, 0.1, 55.578125
1750804017.994596, 0.1, 55.578125
1750804019.0057511, 0.1, 55.578125
1750804020.0114172, 0.1, 55.578125
1750804021.017677, 0.1, 55.578125
1750804022.020941, 0.1, 55.578125
1750804023.023477, 0.1, 55.578125
1750804024.0262809, 0.1, 55.578125
1750804025.0312262, 0.1, 55.578125
1750804026.035927, 0.1, 55.578125
1750804027.040711, 0.1, 55.578125
1750804028.043668, 0.1, 55.578125
1750804029.045844, 0.1, 55.578125
1750804030.048656, 0.1, 55.578125
1750804031.051706, 0.1, 55.578125
1750804032.054967, 0.1, 55.578125
1750804033.0588522, 0.1, 55.578125
1750804034.06345, 0.1, 55.578125
1750804035.0685031, 0.1, 55.578125
1750804036.0741959, 0.2, 55.578125
1750804037.0778592, 0.1, 55.578125
1750804038.081291, 0.1, 55.578125
1750804039.085685, 0.1, 55.578125
1750804040.090107, 0.1, 55.578125
1750804041.093826, 0.1, 55.578125
1750804042.1010602, 0.1, 55.578125
1750804043.1035259, 0.1, 55.578125
1750804044.106617, 0.1, 55.578125
1750804045.1097689, 0.1, 55.578125
1750804046.114551, 0.1, 55.578125
1750804047.12406, 0.1, 55.578125
1750804048.1309938, 0.2, 55.578125
1750804049.1364532, 0.1, 55.578125
1750804050.140762, 0.1, 55.578125
1750804051.1438458, 0.1, 55.578125
1750804052.146991, 0.1, 55.578125
1750804053.1510248, 0.1, 55.578125
1750804054.1545641, 0.1, 55.578125
1750804055.162567, 0.1, 55.578125
1750804056.169693, 0.1, 55.578125
1750804057.174827, 0.1, 55.578125
1750804058.17992, 0.1, 55.578125
1750804059.188116, 0.2, 55.578125
1750804060.192867, 0.1, 55.578125
1750804061.196492, 0.1, 55.578125
1750804062.20156, 0.1, 55.578125
1750804063.205226, 0.1, 55.578125
1750804064.209286, 0.1, 55.578125
1750804065.21446, 0.1, 55.578125
1750804066.220612, 0.1, 55.578125
1750804067.226736, 0.1, 55.578125
1750804068.230428, 0.1, 55.578125
1750804069.2353091, 0.1, 55.578125
1750804070.23914, 0.1, 55.578125
1750804071.242233, 0.1, 55.578125
1750804072.24702, 0.1, 55.578125
1750804073.250807, 0.1, 55.578125
1750804074.254406, 0.1, 55.578125
1750804075.257973, 0.1, 55.578125
1750804076.2613802, 0.1, 55.578125
1750804077.2676601, 0.2, 55.578125
1750804078.2738528, 0.1, 55.578125
1750804079.278496, 0.1, 55.578125
1750804080.282583, 0.1, 55.578125
1750804081.2861922, 0.1, 55.578125
1750804082.28996, 0.1, 55.578125
1750804083.293391, 0.1, 55.578125
1750804084.2984068, 0.1, 55.578125
1750804085.303308, 0.1, 55.578125
1750804086.30828, 0.1, 55.578125
1750804087.31493, 0.1, 55.578125
1750804088.3182259, 0.1, 55.578125
1750804089.3211432, 0.1, 55.578125
1750804090.325624, 0.1, 55.578125
1750804091.333986, 0.1, 55.578125
1750804092.340938, 0.1, 55.578125
1750804093.3473248, 0.1, 55.578125
1750804094.3552032, 0.1, 55.578125
1750804095.35842, 0.1, 55.578125
1750804096.3619142, 0.1, 55.578125
1750804097.367147, 0.1, 55.578125
1750804098.377764, 0.1, 55.578125
1750804099.4253619, 0.1, 55.578125
1750804100.463626, 0.1, 55.578125
1750804101.466951, 0.1, 55.578125
1750804102.476504, 0.1, 55.578125
1750804103.4838889, 0.1, 55.578125
1750804104.4902909, 0.1, 55.578125
1750804105.493794, 0.1, 55.578125
1750804106.497965, 0.1, 55.578125
1750804107.503813, 0.1, 55.578125
1750804108.512726, 0.2, 55.578125
1750804109.5185, 0.1, 55.578125
1750804110.526618, 0.1, 55.578125
1750804111.5372028, 0.1, 55.578125
1750804112.5412722, 0.1, 55.578125
1750804113.544374, 0.1, 55.578125
1750804114.547981, 0.1, 55.578125
1750804115.554566, 0.1, 55.578125
1750804116.558636, 0.1, 55.578125
1750804117.565008, 0.1, 55.578125
1750804118.567522, 0.1, 55.578125
1750804119.573976, 0.1, 55.578125
1750804120.5771468, 0.1, 55.578125
1750804121.582209, 0.1, 55.578125
1750804122.5850098, 0.1, 55.578125
1750804123.595922, 0.1, 55.578125
1750804124.6015098, 0.1, 55.578125
1750804125.6089852, 0.1, 55.578125
1750804126.612093, 0.1, 55.578125
1750804127.6184452, 0.1, 55.578125
1750804128.620713, 0.1, 55.578125
1750804129.623756, 0.1, 55.578125
1750804130.627131, 0.1, 55.578125
1750804131.631196, 0.1, 55.578125
1750804132.6355689, 0.1, 55.578125
1750804133.648704, 0.0, 55.578125
1750804134.6544461, 0.1, 55.578125
1750804135.659897, 0.1, 55.578125
1750804136.665339, 0.1, 55.578125
1750804137.668509, 0.1, 55.578125
1750804138.674515, 0.1, 55.578125
1750804139.6800718, 0.1, 55.578125
1750804140.685154, 0.1, 55.578125
1750804141.6889641, 0.1, 55.578125
1750804142.6925151, 0.1, 55.578125
1750804143.6968052, 0.1, 55.578125
1750804144.701303, 0.1, 55.578125
1750804145.70464, 0.1, 55.578125
1750804146.70894, 0.1, 55.578125
1750804147.712538, 0.1, 55.578125
1750804148.717765, 0.1, 55.578125
1750804149.724653, 0.1, 55.578125
1750804150.728607, 0.1, 55.578125
1750804151.733082, 0.1, 55.578125
1750804152.7424781, 0.1, 55.578125
1750804153.750776, 0.1, 55.578125
1750804154.758226, 0.1, 55.578125
1750804155.7625542, 0.1, 55.578125
1750804156.766995, 0.1, 55.578125
1750804157.770545, 0.1, 55.578125
1750804158.773719, 0.1, 55.578125
1750804159.776302, 0.1, 55.578125
1750804160.77882, 0.1, 55.578125
1750804161.787082, 0.1, 55.578125
1750804162.790217, 0.1, 55.578125
1750804163.792659, 0.1, 55.578125
1750804164.79801, 0.1, 55.578125
1750804165.803273, 0.1, 55.578125
1750804166.806698, 0.1, 55.578125
1750804167.809419, 0.1, 55.578125
1750804168.8159108, 0.1, 55.578125
1750804169.8234031, 0.1, 55.578125
1750804170.827043, 0.1, 55.578125
1750804171.831576, 0.1, 55.578125
1750804172.834476, 0.1, 55.578125
1750804173.8413708, 0.1, 55.578125
1750804174.847986, 0.1, 55.578125
1750804175.854366, 0.1, 55.578125
1750804176.859946, 0.1, 55.578125
1750804177.865937, 0.1, 55.578125
1750804178.867828, 0.1, 55.578125
1750804179.871934, 0.1, 55.578125
1750804180.874985, 0.1, 55.578125
1750804181.878536, 0.1, 55.578125
1750804182.882349, 0.1, 55.578125
1750804183.8865979, 0.1, 55.578125
1750804184.889287, 0.1, 55.578125
1750804185.894353, 0.1, 55.578125
1750804186.901085, 0.1, 55.578125
1750804187.905878, 0.1, 55.578125
1750804188.9135349, 0.1, 55.578125
1750804189.917537, 0.1, 55.578125
1750804190.92031, 0.1, 55.578125
1750804191.924768, 0.1, 55.578125
1750804192.9295738, 0.1, 55.578125
1750804193.9367511, 0.2, 55.578125
1750804194.9441369, 0.1, 55.578125
1750804195.9484951, 0.1, 55.578125
1750804196.951796, 0.1, 55.578125
1750804197.9560168, 0.1, 55.578125
1750804198.959455, 0.1, 55.578125
1750804199.963645, 0.1, 55.578125
1750804200.967696, 0.1, 55.578125
1750804201.970929, 0.1, 55.578125
1750804202.97395, 0.1, 55.578125
1750804203.979661, 0.1, 55.578125
1750804204.984014, 0.1, 55.578125
1750804205.987571, 0.1, 55.578125
1750804206.990957, 0.1, 55.578125
1750804207.995166, 0.1, 55.578125
1750804208.997971, 0.1, 55.578125
1750804210.0020149, 0.1, 55.578125
1750804211.0073469, 0.1, 55.578125
1750804212.011497, 0.1, 55.578125
1750804213.015025, 0.1, 55.578125
1750804214.017889, 0.1, 55.578125
1750804215.0203578, 0.1, 55.578125
1750804216.023917, 0.1, 55.578125
1750804217.0295858, 0.1, 55.578125
1750804218.034271, 0.1, 55.578125
1750804219.038354, 0.1, 55.578125
1750804220.046301, 0.2, 55.578125
1750804221.0504372, 0.1, 55.578125
1750804222.054144, 0.1, 55.578125
1750804223.05794, 0.1, 55.578125
1750804224.062978, 0.1, 55.578125
1750804225.066868, 0.1, 55.578125
1750804226.069385, 0.1, 55.578125
1750804227.073379, 0.1, 55.578125
1750804228.0769532, 0.1, 55.578125
1750804229.081053, 0.1, 55.578125
1750804230.0846982, 0.1, 55.578125
1750804231.087976, 0.1, 55.578125
1750804232.091965, 0.1, 55.578125
1750804233.096663, 0.1, 55.578125
1750804234.102527, 0.1, 55.578125
1750804235.105571, 0.1, 55.578125
1750804236.11485, 0.1, 55.578125
1750804237.120123, 0.1, 55.578125
1750804238.128065, 0.1, 55.578125
1750804239.1319308, 0.1, 55.578125
1750804240.136894, 0.1, 55.578125
1750804241.144756, 0.1, 55.578125
1750804242.1487732, 0.1, 55.578125
1750804243.153653, 0.1, 55.578125
1750804244.162325, 0.1, 55.578125
1750804245.1700969, 0.1, 55.578125
1750804246.174807, 0.1, 55.578125
1750804247.177984, 0.1, 55.578125
1750804248.181716, 0.1, 55.578125
1750804249.186711, 0.1, 55.578125
1750804250.189761, 0.1, 55.578125
1750804251.1923652, 0.1, 55.578125
1750804252.1956851, 0.1, 55.578125
1750804253.203455, 0.1, 55.578125
1750804254.2068212, 0.1, 55.578125
1750804255.2118452, 0.1, 55.578125
1750804256.2219882, 0.2, 55.578125
1750804257.2312791, 0.1, 55.578125
1750804258.2368371, 0.1, 55.578125
1750804259.240269, 0.1, 55.578125
1750804260.2449028, 0.1, 55.578125
1750804261.250157, 0.1, 55.578125
1750804262.276534, 0.1, 55.578125
1750804263.281496, 0.1, 55.578125
1750804264.2885911, 0.1, 55.578125
1750804265.3031402, 0.1, 55.578125
1750804266.3068259, 0.1, 55.578125
1750804267.314394, 0.1, 55.578125
1750804268.320538, 0.2, 55.578125
1750804269.3278332, 0.1, 55.578125
1750804270.335947, 0.1, 55.578125
1750804271.344358, 0.1, 55.578125
1750804272.348887, 0.1, 55.578125
1750804273.355465, 0.1, 55.578125
1750804274.3644748, 0.1, 55.578125
1750804275.367729, 0.1, 55.578125
1750804276.3721302, 0.1, 55.578125
1750804277.377264, 0.1, 55.578125
1750804278.380219, 0.1, 55.578125
1750804279.3838542, 0.1, 55.578125
1750804280.3874712, 0.1, 55.578125
1750804281.395175, 0.1, 55.578125
1750804282.3981152, 0.1, 55.578125
1750804283.4184608, 0.1, 55.578125
1750804284.42977, 0.1, 55.578125
1750804285.433708, 0.1, 55.578125
1750804286.436884, 0.0, 55.578125
1750804287.442552, 0.1, 55.578125
1750804288.44577, 0.1, 55.578125
1750804289.4493032, 0.1, 55.578125
1750804290.452828, 0.1, 55.578125
1750804291.463126, 0.1, 55.578125
1750804292.467154, 0.1, 55.578125
1750804293.480362, 0.2, 55.578125
1750804294.4902039, 0.1, 55.578125
1750804295.4990778, 0.1, 55.578125
1750804296.50671, 0.1, 55.578125
1750804297.510427, 0.1, 55.578125
1750804298.516532, 0.1, 55.578125
1750804299.523381, 0.2, 55.578125
1750804300.527585, 0.1, 55.578125
1750804301.5316129, 0.1, 55.578125
1750804302.539383, 0.1, 55.578125
1750804303.545913, 0.2, 55.578125
1750804304.557166, 0.1, 55.578125
1750804305.561846, 0.1, 55.578125
1750804306.571282, 0.1, 55.578125
1750804307.575802, 0.1, 55.578125
1750804308.58427, 0.1, 55.578125
1750804309.588845, 0.1, 55.578125
1750804310.598182, 0.1, 55.578125
1750804311.605731, 0.1, 55.578125
1750804312.62683, 0.1, 55.578125
1750804313.635339, 0.1, 55.578125
1750804314.646677, 0.1, 55.578125
1750804315.6554081, 0.1, 55.578125
1750804316.665638, 0.1, 55.578125
1750804317.675741, 0.1, 55.578125
1750804318.686877, 0.1, 55.578125
1750804319.693343, 0.1, 55.578125
1750804320.6968691, 0.1, 55.578125
1750804321.700914, 0.2, 55.578125
1750804322.707098, 0.1, 55.578125
1750804323.7162209, 0.1, 55.578125
1750804324.7220302, 0.1, 55.578125
1750804325.730245, 0.1, 55.578125
1750804326.7370088, 0.1, 55.578125
1750804327.74047, 0.1, 55.578125
1750804328.7445178, 0.1, 55.578125
1750804329.750787, 0.1, 55.578125
1750804330.763701, 0.2, 55.578125
1750804331.766687, 0.1, 55.578125
1750804332.772523, 0.1, 55.578125
1750804333.778091, 0.1, 55.578125
1750804334.784887, 0.1, 55.578125
1750804335.788398, 0.1, 55.578125
1750804336.7953, 0.1, 55.578125
1750804337.798773, 0.1, 55.578125
1750804338.813323, 0.1, 55.578125
1750804339.8175611, 0.1, 55.578125
1750804340.824119, 0.1, 55.578125
1750804341.827848, 0.1, 55.578125
1750804342.8314009, 0.1, 55.578125
1750804343.8370209, 0.1, 55.578125
1750804344.840331, 0.1, 55.578125
1750804345.8446348, 0.1, 55.578125
1750804346.857329, 0.1, 55.578125
1750804347.8622878, 0.1, 55.578125
1750804348.8667378, 0.1, 55.578125
1750804349.870215, 0.1, 55.578125
1750804350.876595, 0.2, 55.578125
1750804351.882821, 0.1, 55.578125
1750804352.885816, 0.1, 55.578125
1750804353.888638, 0.1, 55.578125
1750804354.8945699, 0.1, 55.578125
1750804355.902293, 0.1, 55.578125
1750804356.9069152, 0.1, 55.578125
1750804357.916935, 0.2, 55.578125
1750804358.923306, 0.1, 55.578125
1750804359.9295318, 0.1, 55.578125
1750804360.933383, 0.1, 55.578125
1750804361.9366138, 0.1, 55.578125
1750804362.9403, 0.1, 55.578125
1750804363.9471302, 0.1, 55.578125
1750804364.954127, 0.1, 55.578125
1750804365.962004, 0.1, 55.578125
1750804366.9681191, 0.1, 55.578125
1750804367.973006, 0.1, 55.578125
1750804368.976523, 0.1, 55.578125
1750804369.986429, 0.2, 55.578125
1750804370.993579, 0.1, 55.578125
1750804372.000618, 0.1, 55.578125
1750804373.008425, 0.1, 55.578125
1750804374.0114932, 0.1, 55.578125
1750804375.014559, 0.1, 55.578125
1750804376.020034, 0.1, 55.578125
1750804377.023992, 0.1, 55.578125
1750804378.027369, 0.1, 55.578125
1750804379.033369, 0.1, 55.578125
1750804380.039687, 0.1, 55.578125
1750804381.045119, 0.1, 55.578125
1750804382.050569, 0.1, 55.578125
1750804383.054112, 0.1, 55.578125
1750804384.058357, 0.1, 55.578125
1750804385.060864, 0.1, 55.578125
1750804386.0634072, 0.1, 55.578125
1750804387.07007, 0.1, 55.578125
1750804388.076573, 0.1, 55.578125
1750804389.079432, 0.1, 55.578125
1750804390.088604, 0.1, 55.578125
1750804391.092322, 0.1, 55.578125
1750804392.095956, 0.1, 55.578125
1750804393.100511, 0.1, 55.578125
1750804394.105002, 0.1, 55.578125
1750804395.110219, 0.1, 55.578125
1750804396.1163368, 0.1, 55.578125
1750804397.1191769, 0.1, 55.578125
1750804398.123589, 0.1, 55.578125
1750804399.1319838, 0.2, 55.578125
1750804400.136479, 0.1, 55.578125
1750804401.139359, 0.1, 55.578125
1750804402.1421142, 0.1, 55.578125
1750804403.144964, 0.1, 55.578125
1750804404.1527739, 0.1, 55.578125
1750804405.1615171, 0.2, 55.578125
1750804406.1648798, 0.1, 55.578125
1750804407.169652, 0.1, 55.578125
1750804408.172939, 0.1, 55.578125
1750804409.176001, 0.1, 55.578125
1750804410.179253, 0.1, 55.578125
1750804411.182577, 0.1, 55.578125
1750804412.1876988, 0.1, 55.578125
1750804413.1929421, 0.1, 55.578125
1750804414.1969988, 0.1, 55.578125
1750804415.20114, 0.1, 55.578125
1750804416.205576, 0.1, 55.578125
1750804417.21156, 0.1, 55.578125
1750804418.218348, 0.1, 55.578125
1750804419.227766, 0.1, 55.578125
1750804420.232078, 0.1, 55.578125
1750804421.237947, 0.1, 55.578125
1750804422.2439208, 0.1, 55.578125
1750804423.247102, 0.1, 55.578125
1750804424.250535, 0.1, 55.578125
1750804425.253851, 0.1, 55.578125
1750804426.25751, 0.1, 55.578125
1750804427.263165, 0.1, 55.578125
1750804428.268683, 0.1, 55.578125
1750804429.2776551, 0.1, 55.578125
1750804430.282515, 0.1, 55.578125
1750804431.286931, 0.1, 55.578125
1750804432.297023, 0.1, 55.578125
1750804433.301698, 0.1, 55.578125
1750804434.305645, 0.1, 55.578125
1750804435.3103502, 0.1, 55.578125
1750804436.314068, 0.1, 55.578125
1750804437.3208792, 0.1, 55.578125
1750804438.325378, 0.1, 55.578125
1750804439.3286881, 0.1, 55.578125
1750804440.332559, 0.1, 55.578125
1750804441.338207, 0.2, 55.578125
1750804442.342679, 0.1, 55.578125
1750804443.348736, 0.1, 55.578125
1750804444.354648, 0.2, 55.578125
1750804445.358531, 0.1, 55.578125
1750804446.363713, 0.1, 55.578125
1750804447.369581, 0.2, 55.578125
1750804448.37438, 0.1, 55.578125
1750804449.3825421, 0.1, 55.578125
1750804450.387671, 0.1, 55.578125
1750804451.3915992, 0.1, 55.578125
1750804452.3936598, 0.1, 55.578125
1750804453.400672, 0.2, 55.578125
1750804454.40909, 0.1, 55.578125
1750804455.4139972, 0.1, 55.578125
1750804456.4225311, 0.2, 55.578125
1750804457.428565, 0.1, 55.578125
1750804458.4334662, 0.1, 55.578125
1750804459.441141, 0.1, 55.578125
1750804460.444578, 0.1, 55.578125
1750804461.447361, 0.1, 55.578125
1750804462.4496262, 0.1, 55.578125
1750804463.459454, 0.1, 55.578125
1750804464.463614, 0.1, 55.578125
1750804465.467721, 0.1, 55.578125
1750804466.4712121, 0.1, 55.578125
1750804467.474907, 0.1, 55.578125
1750804468.4785962, 0.1, 55.578125
1750804469.482146, 0.1, 55.578125
1750804470.486795, 0.1, 55.578125
1750804471.495102, 0.1, 55.578125
1750804472.498661, 0.1, 55.578125
1750804473.5031412, 0.1, 55.578125
1750804474.505641, 0.1, 55.578125
1750804475.509676, 0.1, 55.578125
1750804476.517843, 0.1, 55.578125
1750804477.5219479, 0.1, 55.578125
1750804478.526227, 0.1, 55.578125
1750804479.531544, 0.1, 55.578125
1750804480.538183, 0.2, 55.578125
1750804481.5430138, 0.1, 55.578125
1750804482.5481138, 0.1, 55.578125
1750804483.5521228, 0.1, 55.578125
1750804484.560714, 0.1, 55.578125
1750804485.56459, 0.1, 55.578125
1750804486.568467, 0.1, 55.578125
1750804487.574591, 0.2, 55.578125
1750804488.5782762, 0.1, 55.578125
1750804489.5819688, 0.1, 55.578125
1750804490.588613, 0.1, 55.578125
1750804491.5928588, 0.1, 55.578125
1750804492.5964642, 0.1, 55.578125
1750804493.6026309, 0.1, 55.578125
1750804494.60785, 0.1, 55.578125
1750804495.612494, 0.1, 55.578125
1750804496.616916, 0.1, 55.578125
1750804497.620759, 0.1, 55.578125
1750804498.625199, 0.1, 55.578125
1750804499.6293828, 0.1, 55.578125
1750804500.635592, 0.1, 55.578125
1750804501.643738, 0.1, 55.578125
1750804502.654092, 0.0, 55.578125
1750804503.658883, 0.0, 55.578125
1750804504.661865, 0.1, 55.578125
1750804505.665652, 0.1, 55.578125
1750804506.6696918, 0.1, 55.578125
1750804507.673166, 0.1, 55.578125
1750804508.6809468, 0.2, 55.578125
1750804509.687859, 0.1, 55.578125
1750804510.694958, 0.1, 55.578125
1750804511.7001212, 0.1, 55.578125
1750804512.7045481, 0.1, 55.578125
1750804513.708677, 0.1, 55.578125
1750804514.7129111, 0.1, 55.578125
1750804515.717589, 0.1, 55.578125
1750804516.725455, 0.1, 55.578125
1750804517.731037, 0.2, 55.578125
1750804518.736058, 0.1, 55.578125
1750804519.7406871, 0.1, 55.578125
1750804520.7445, 0.1, 55.578125
1750804521.749921, 0.1, 55.578125
1750804522.7533991, 0.1, 55.578125
1750804523.757301, 0.1, 55.578125
1750804524.762495, 0.1, 55.578125
1750804525.766221, 0.1, 55.578125
1750804526.772615, 0.1, 55.578125
1750804527.7768111, 0.1, 55.578125
1750804528.8068469, 0.1, 55.578125
1750804529.817178, 0.1, 55.578125
1750804530.821138, 0.1, 55.578125
1750804531.829839, 0.1, 55.578125
1750804532.833577, 0.1, 55.578125
1750804533.840229, 0.2, 55.578125
1750804534.84516, 0.1, 55.578125
1750804535.850846, 0.2, 55.578125
1750804536.8562229, 0.1, 55.578125
1750804537.861781, 0.1, 55.578125
1750804538.8655272, 0.1, 55.578125
1750804539.871397, 0.1, 55.578125
1750804540.874723, 0.1, 55.578125
1750804541.8809988, 0.1, 55.578125
1750804542.887543, 0.1, 55.578125
1750804543.895883, 0.1, 55.578125
1750804544.9024022, 0.1, 55.578125
1750804545.915446, 0.1, 55.578125
1750804546.91958, 0.0, 55.578125
1750804547.923956, 0.1, 55.578125
1750804548.927613, 0.1, 55.578125
1750804549.9341419, 0.1, 55.578125
1750804550.9414022, 0.1, 55.578125
1750804551.94512, 0.1, 55.578125
1750804552.954186, 0.1, 55.578125
1750804553.957317, 0.1, 55.578125
1750804554.9628422, 0.1, 55.578125
1750804555.975567, 0.1, 55.578125
1750804556.979746, 0.1, 55.578125
1750804557.989086, 0.1, 55.578125
1750804558.992415, 0.1, 55.578125
1750804559.9952269, 0.1, 55.578125
1750804560.998422, 0.1, 55.578125
1750804562.005145, 0.1, 55.578125
1750804563.0107489, 0.1, 55.578125
1750804564.0160902, 0.1, 55.578125
1750804565.0194361, 0.1, 55.578125
1750804566.026525, 0.1, 55.578125
1750804567.030144, 0.1, 55.578125
1750804568.034119, 0.1, 55.578125
1750804569.037568, 0.1, 55.578125
1750804570.042372, 0.1, 55.578125
1750804571.0473201, 0.1, 55.578125
1750804572.056969, 0.1, 55.578125
1750804573.061856, 0.1, 55.578125
1750804574.065517, 0.1, 55.578125
1750804575.0692868, 0.1, 55.578125
1750804576.073663, 0.1, 55.578125
1750804577.0775628, 0.1, 55.578125
1750804578.0921001, 0.1, 55.578125
1750804579.099411, 0.1, 55.578125
1750804580.105001, 0.1, 55.578125
1750804581.112739, 0.1, 55.578125
1750804582.121543, 0.1, 55.578125
1750804583.1377869, 0.1, 55.578125
1750804584.162668, 0.1, 55.578125
1750804585.1713002, 0.1, 55.578125
1750804586.174742, 0.1, 55.578125
1750804587.181996, 0.1, 55.578125
1750804588.189472, 0.1, 55.578125
1750804589.195563, 0.2, 55.578125
1750804590.2097468, 0.1, 55.578125
1750804591.2154438, 0.1, 55.578125
1750804592.222069, 0.1, 55.578125
1750804593.2348611, 0.1, 55.578125
1750804594.24223, 0.1, 55.578125
1750804595.249054, 0.1, 55.578125
1750804596.254365, 0.1, 55.578125
1750804597.259264, 0.1, 55.578125
1750804598.265926, 0.1, 55.578125
1750804599.274176, 0.1, 55.578125
1750804600.286158, 0.1, 55.578125
1750804601.297672, 0.1, 55.578125
1750804602.301753, 0.1, 55.578125
1750804603.309139, 0.2, 55.578125
1750804604.3242712, 0.1, 55.578125
1750804605.333088, 0.1, 55.578125
1750804606.342657, 0.1, 55.578125
1750804607.348342, 0.1, 55.578125
1750804608.354739, 0.1, 55.578125
1750804609.359078, 0.1, 55.578125
1750804610.365233, 0.2, 55.578125
1750804611.3701692, 0.1, 55.578125
1750804612.3744168, 0.1, 55.578125
1750804613.3800561, 0.1, 55.578125
1750804614.3842728, 0.1, 55.578125
1750804615.3908522, 0.1, 55.578125
1750804616.3947961, 0.1, 55.578125
1750804617.3976939, 0.1, 55.578125
1750804618.4035652, 0.1, 55.578125
1750804619.4127629, 0.1, 55.578125
1750804620.4208992, 0.1, 55.578125
1750804621.4291399, 0.1, 55.578125
1750804622.431731, 0.1, 55.578125
1750804623.440641, 0.1, 55.578125
1750804624.448726, 0.1, 54.0
1750804625.4590871, 0.1, 54.0
1750804626.4675, 0.1, 54.0
1750804627.470478, 0.1, 54.0
1750804628.476255, 0.1, 54.0
1750804629.484489, 0.1, 54.0
1750804630.493199, 0.1, 54.0
1750804631.503028, 0.1, 54.0
1750804632.509303, 0.1, 54.0
1750804633.5155299, 0.2, 54.0
1750804634.5179, 0.1, 54.0
1750804635.522976, 0.1, 54.0
1750804636.526209, 0.1, 54.0
1750804637.533237, 0.1, 54.0
1750804638.536871, 0.1, 54.0
1750804639.542332, 0.1, 54.0
1750804640.551947, 0.2, 54.0
1750804641.5592241, 0.1, 54.0
1750804642.567775, 0.1, 54.0
1750804643.5784352, 0.1, 54.0
1750804644.582839, 0.1, 54.0
1750804645.587542, 0.1, 54.0
1750804646.591576, 0.1, 54.0
1750804647.598878, 0.1, 54.0
1750804648.607587, 0.1, 54.0
1750804649.614614, 0.1, 54.0
1750804650.6172101, 0.1, 54.0
1750804651.62082, 0.1, 54.0
1750804652.6237462, 0.1, 54.0
1750804653.627132, 0.1, 54.0
1750804654.6349921, 0.1, 54.0
1750804655.639843, 0.1, 54.0
1750804656.647486, 0.1, 54.0
1750804657.653717, 0.1, 54.0
1750804658.659724, 0.1, 54.0
1750804659.669552, 0.1, 54.0
1750804660.679745, 0.1, 54.0
1750804661.693716, 0.1, 54.0
1750804662.6978612, 0.1, 54.0
1750804663.702399, 0.1, 54.0
1750804664.711093, 0.1, 54.0
1750804665.7162051, 0.1, 54.0
1750804666.721175, 0.1, 54.0
1750804667.7298539, 0.1, 54.0
1750804668.738257, 0.2, 54.0
1750804669.744262, 0.1, 54.0
1750804670.750124, 0.1, 54.0
1750804671.757772, 0.2, 54.0
1750804672.765235, 0.1, 54.0
1750804673.774143, 0.2, 54.0
1750804674.78103, 0.2, 54.0
1750804675.7875252, 0.1, 54.0
1750804676.7929, 0.1, 54.0
1750804677.798342, 0.1, 54.0
1750804678.805226, 0.2, 54.0
1750804679.810067, 0.1, 54.0
1750804680.822061, 0.1, 54.0
1750804681.827727, 0.1, 54.0
1750804682.832792, 0.1, 54.0
1750804683.838999, 0.1, 54.0
1750804684.847279, 0.1, 54.0
1750804685.86061, 0.1, 54.0
1750804686.86912, 0.2, 54.0
1750804687.87921, 0.1, 54.0
1750804688.8830998, 0.1, 54.0
1750804689.889376, 0.1, 54.0
1750804690.893226, 0.1, 54.0
1750804691.896859, 0.1, 54.0
1750804692.911826, 0.1, 54.0
1750804693.915353, 0.1, 54.0
1750804694.9253209, 0.1, 54.0
1750804695.9331388, 0.1, 54.0
1750804696.939502, 0.1, 54.0
1750804697.953654, 0.1, 54.0
1750804698.9575958, 0.1, 54.0
1750804699.9677958, 0.1, 54.0
1750804700.971851, 0.1, 54.0
1750804701.9750469, 0.1, 54.0
1750804702.978325, 0.1, 54.0
1750804703.981641, 0.1, 54.0
1750804704.985984, 0.1, 54.0
1750804705.989227, 0.1, 54.0
1750804706.993323, 0.1, 54.0
1750804707.996483, 0.1, 54.0
1750804708.999134, 0.1, 54.0
1750804710.003757, 0.1, 54.0
1750804711.0069919, 0.1, 54.0
1750804712.010602, 0.1, 54.0
1750804713.015557, 0.1, 54.0
1750804714.0200992, 0.1, 54.0
1750804715.026321, 0.1, 54.0
1750804716.031501, 0.1, 54.0
1750804717.040647, 0.1, 54.0
1750804718.046193, 0.1, 54.0
1750804719.054563, 0.1, 54.0
1750804720.0573618, 0.1, 54.0
1750804721.0613508, 0.1, 54.0
1750804722.063809, 0.1, 54.0
1750804723.067799, 0.1, 54.0
1750804724.071868, 0.1, 54.0
1750804725.074892, 0.1, 54.0
1750804726.082567, 0.1, 54.0
1750804727.08751, 0.1, 54.0
1750804728.090936, 0.1, 54.0
1750804729.093877, 0.1, 54.0
1750804730.1009889, 0.1, 54.0
1750804731.1045702, 0.1, 54.0
1750804732.108191, 0.1, 54.0
1750804733.110605, 0.1, 54.0
1750804734.1214159, 0.1, 54.0
1750804735.126935, 0.1, 54.0
1750804736.133049, 0.1, 54.0
1750804737.137405, 0.1, 54.0
1750804738.141181, 0.1, 54.0
1750804739.144642, 0.1, 54.0
1750804740.148129, 0.1, 54.0
1750804741.157532, 0.1, 54.0
1750804742.163519, 0.1, 54.0
1750804743.172797, 0.1, 54.0
1750804744.185982, 0.1, 54.015625
1750804745.193853, 0.1, 54.0
1750804746.209789, 0.1, 54.0
1750804747.216228, 0.1, 54.0
1750804748.2212548, 0.1, 54.0
1750804749.232639, 0.1, 54.0
1750804750.241442, 0.1, 54.0
1750804751.2477498, 0.2, 54.0
1750804752.25772, 0.1, 54.0
1750804753.260962, 0.1, 54.0
1750804754.2645628, 0.1, 54.0
1750804755.268994, 0.1, 54.0
1750804756.2757509, 0.1, 54.0
1750804757.281953, 0.2, 54.0
1750804758.289907, 0.1, 54.0
1750804759.296122, 0.1, 54.0
1750804760.301131, 0.1, 54.0
1750804761.305192, 0.1, 54.0
1750804762.312911, 0.1, 54.0
1750804763.317329, 0.1, 54.0
1750804764.32085, 0.1, 54.0
1750804765.325283, 0.1, 54.0
1750804766.331647, 0.1, 54.0
1750804767.338047, 0.1, 54.0
1750804768.3426251, 0.1, 54.0
1750804769.347897, 0.1, 54.0
1750804770.352499, 0.1, 54.0
1750804771.3630779, 0.1, 54.0
1750804772.3667572, 0.1, 54.0
1750804773.371828, 0.1, 54.0
1750804774.375695, 0.1, 54.0
1750804775.3876622, 0.1, 54.0
1750804776.395199, 0.1, 54.0
1750804777.3988311, 0.1, 54.0
1750804778.406986, 0.1, 54.0
1750804779.41093, 0.1, 54.0
1750804780.4150631, 0.1, 54.0
1750804781.421804, 0.1, 54.0
1750804782.426642, 0.1, 54.0
1750804783.435817, 0.1, 54.0
1750804784.4421709, 0.1, 54.0
1750804785.4496288, 0.2, 54.0
1750804786.453729, 0.1, 54.0
1750804787.4578161, 0.1, 54.0
1750804788.462249, 0.1, 54.0
1750804789.469337, 0.1, 54.0
1750804790.473579, 0.1, 54.0
1750804791.4805708, 0.1, 54.0
1750804792.48464, 0.1, 54.0
1750804793.488957, 0.1, 54.0
1750804794.493477, 0.1, 54.0
1750804795.496466, 0.1, 54.0
1750804796.5006762, 0.1, 54.0
1750804797.504023, 0.1, 54.0
1750804798.508233, 0.1, 54.0
1750804799.5138822, 0.1, 54.0
1750804800.5184152, 0.1, 54.0
1750804801.525224, 0.1, 54.0
1750804802.528739, 0.1, 54.0
1750804803.535372, 0.1, 54.0
1750804804.5387158, 0.1, 54.0
1750804805.5463932, 0.1, 54.0
1750804806.552063, 0.1, 54.0
1750804807.562432, 0.2, 54.0
1750804808.569153, 0.1, 54.0
1750804809.5765078, 0.1, 54.0
1750804810.584666, 0.1, 54.0
1750804811.590245, 0.1, 54.0
1750804812.594601, 0.1, 54.0
1750804813.598489, 0.1, 54.0
1750804814.602714, 0.1, 54.0
1750804815.607093, 0.1, 54.0
1750804816.61091, 0.1, 54.0
1750804817.615188, 0.1, 54.0
1750804818.618796, 0.1, 54.0
1750804819.622966, 0.1, 54.0
1750804820.6276, 0.1, 54.0
1750804821.631385, 0.1, 54.0
1750804822.635672, 0.1, 54.0
1750804823.644385, 0.1, 54.0
1750804824.648745, 0.1, 54.0
1750804825.652031, 0.1, 54.0
1750804826.659759, 0.1, 54.0
1750804827.6668532, 0.1, 54.0
1750804828.672767, 0.1, 54.0
1750804829.677748, 0.1, 54.0
1750804830.6811059, 0.1, 54.0
1750804831.68459, 0.1, 54.0
1750804832.688805, 0.1, 54.0
1750804833.692656, 0.1, 54.0
1750804834.69804, 0.1, 54.0
1750804835.707314, 0.1, 54.0
1750804836.710467, 0.1, 54.0
1750804837.720511, 0.1, 54.0
1750804838.730701, 0.2, 54.0
1750804839.743119, 0.1, 32.890625
1750804840.753025, 0.1, 32.890625
1750804841.758583, 0.1, 32.890625
1750804842.772222, 0.1, 32.890625
1750804843.780925, 0.2, 32.890625
1750804844.793039, 0.2, 32.890625
1750804845.806396, 0.1, 32.890625
1750804846.818629, 0.1, 32.890625
1750804847.8264, 0.1, 32.890625
1750804848.8374631, 0.2, 32.890625
1750804849.845639, 0.1, 32.890625
1750804850.850345, 0.1, 32.890625
1750804851.8585432, 0.1, 32.890625
1750804852.8677928, 0.1, 32.890625
1750804853.87407, 0.1, 32.890625
1750804854.877999, 0.1, 32.890625
1750804855.8844259, 0.1, 32.890625
1750804856.893483, 0.1, 32.890625
1750804857.901462, 0.1, 32.890625
1750804858.909405, 0.2, 32.890625
1750804859.91709, 0.2, 32.890625
1750804860.924853, 0.2, 32.890625
1750804861.9324338, 0.2, 32.890625
1750804862.935919, 0.1, 32.890625
1750804863.943109, 0.1, 32.890625
1750804864.951554, 0.1, 32.890625
1750804865.960634, 0.1, 32.890625
1750804866.967715, 0.1, 32.890625
1750804867.9699929, 0.1, 32.890625
1750804868.979886, 0.1, 32.890625
1750804869.9898932, 0.1, 32.890625
1750804870.993417, 0.1, 32.890625
1750804871.999648, 0.1, 32.890625
1750804873.003448, 0.1, 32.890625
1750804874.0105522, 0.2, 32.890625
1750804875.016182, 0.1, 32.890625
1750804876.025455, 0.1, 32.890625
1750804877.027713, 0.1, 32.890625
1750804878.038226, 0.1, 32.890625
1750804879.049072, 0.1, 32.890625
1750804880.0540118, 0.1, 32.890625
1750804881.060212, 0.1, 32.890625
1750804882.0668411, 0.1, 32.890625
1750804883.076189, 0.2, 32.890625
1750804884.083649, 0.2, 32.890625
1750804885.091721, 0.1, 32.890625
1750804886.099177, 0.2, 32.890625
1750804887.10286, 0.1, 32.890625
1750804888.107472, 0.1, 32.890625
1750804889.11634, 0.1, 32.890625
1750804890.122821, 0.2, 32.890625
1750804891.125969, 0.1, 32.890625
1750804892.130035, 0.1, 32.890625
1750804893.133235, 0.1, 32.890625
1750804894.143536, 0.1, 32.890625
1750804895.148594, 0.1, 32.890625
1750804896.1522849, 0.1, 32.890625
1750804897.155759, 0.1, 32.890625
1750804898.16545, 0.1, 32.890625
1750804899.1715531, 0.1, 32.890625
1750804900.17661, 0.1, 32.890625
1750804901.1827729, 0.1, 32.890625
1750804902.1898081, 0.2, 32.890625
1750804903.19371, 0.1, 32.890625
1750804904.201555, 0.1, 32.890625
1750804905.2044742, 0.1, 32.890625
1750804906.21135, 0.1, 32.890625
1750804907.2197928, 0.1, 32.890625
1750804908.2302148, 0.1, 32.890625
1750804909.2334678, 0.1, 32.890625
1750804910.237202, 0.1, 32.890625
1750804911.2463841, 0.1, 32.890625
1750804912.255386, 0.1, 32.890625
1750804913.263029, 0.1, 32.890625
1750804914.271659, 0.1, 32.890625
1750804915.278144, 0.1, 32.890625
1750804916.288647, 0.1, 32.890625
1750804917.291914, 0.1, 32.890625
1750804918.3003578, 0.1, 32.890625
1750804919.304693, 0.1, 32.890625
1750804920.312201, 0.1, 32.890625
1750804921.316006, 0.1, 32.890625
1750804922.322617, 0.1, 32.890625
1750804923.33258, 0.1, 32.890625
1750804924.3411999, 0.1, 32.890625
1750804925.349702, 0.1, 32.890625
1750804926.3576372, 0.1, 32.890625
1750804927.3650649, 0.1, 32.890625
1750804928.3762078, 0.1, 32.890625
1750804929.383928, 0.1, 32.890625
1750804930.387082, 0.1, 32.890625
1750804931.391477, 0.1, 32.890625
1750804932.400555, 0.1, 32.890625
1750804933.406753, 0.1, 32.890625
1750804934.4122088, 0.1, 32.890625
1750804935.415704, 0.1, 32.890625
1750804936.4232059, 0.1, 32.890625
1750804937.430567, 0.2, 32.890625
1750804938.43785, 0.1, 32.890625
1750804939.441545, 0.1, 32.890625
1750804940.452233, 0.1, 32.890625
1750804941.460896, 0.1, 32.890625
1750804942.4671302, 0.1, 32.890625
1750804943.471154, 0.1, 32.890625
1750804944.474582, 0.1, 32.890625
1750804945.48133, 0.1, 32.890625
1750804946.5055192, 0.0, 32.890625
1750804947.571288, 0.0, 32.890625
1750804948.615241, 0.0, 33.34375
1750804949.650025, 0.1, 32.890625
1750804950.6865768, 0.1, 32.890625
1750804951.696396, 0.1, 32.890625
1750804952.719553, 0.2, 32.890625
1750804953.724994, 0.1, 32.890625
1750804954.732809, 0.1, 32.890625
1750804955.735651, 0.1, 32.890625
1750804956.74355, 0.1, 32.890625
1750804957.7531729, 0.1, 32.890625
1750804958.763751, 0.1, 32.890625
1750804959.768148, 0.1, 32.890625
1750804960.776181, 0.2, 32.890625
1750804961.783851, 0.1, 32.890625
1750804962.793004, 0.1, 32.890625
1750804963.801766, 0.1, 32.890625
1750804964.8081548, 0.1, 32.890625
1750804965.815725, 0.1, 32.890625
1750804966.8211331, 0.2, 32.890625
1750804967.8280299, 0.2, 32.890625
1750804968.8335009, 0.1, 32.890625
1750804969.841782, 0.2, 32.890625
1750804970.846685, 0.1, 32.890625
1750804971.8515809, 0.1, 32.890625
1750804972.857857, 0.1, 32.890625
1750804973.869621, 0.1, 32.890625
1750804974.87454, 0.1, 32.890625
1750804975.881191, 0.1, 32.890625
1750804976.886977, 0.2, 32.890625
1750804977.893079, 0.1, 32.890625
1750804978.9021811, 0.1, 32.890625
1750804979.90554, 0.1, 32.890625
1750804980.9101481, 0.1, 32.890625
1750804981.9160051, 0.1, 32.890625
1750804982.9266188, 0.2, 32.890625
1750804983.9306219, 0.1, 32.890625
1750804984.939738, 0.2, 32.890625
1750804985.949198, 0.1, 32.890625
1750804986.954894, 0.2, 32.890625
1750804987.959647, 0.1, 32.890625
1750804988.9638, 0.1, 32.890625
1750804989.9715168, 0.1, 32.890625
1750804990.980046, 0.1, 32.890625
1750804991.9844558, 0.1, 32.890625
1750804992.9980748, 0.1, 32.890625
1750804994.00629, 0.1, 32.890625
1750804995.009532, 0.1, 32.890625
1750804996.015214, 0.1, 32.890625
1750804997.01965, 0.1, 32.890625
1750804998.0230982, 0.1, 32.890625
1750804999.026865, 0.1, 32.890625
1750805000.035894, 0.1, 32.890625
1750805001.0409868, 0.1, 32.890625
1750805002.0485718, 0.1, 32.890625
1750805003.053997, 0.1, 32.890625
1750805004.0586061, 0.1, 32.890625
1750805005.06446, 0.1, 32.890625
1750805006.071323, 0.1, 32.890625
1750805007.075998, 0.1, 32.890625
1750805008.0831418, 0.1, 32.890625
1750805009.087616, 0.1, 32.890625
1750805010.091014, 0.1, 32.890625
1750805011.108454, 0.1, 32.890625
1750805012.11729, 0.1, 32.890625
1750805013.125121, 0.2, 32.890625
1750805014.1285381, 0.1, 32.890625
1750805015.135979, 0.2, 32.890625
1750805016.1432261, 0.2, 32.890625
1750805017.151571, 0.1, 32.890625
1750805018.159771, 0.2, 32.890625
1750805019.165796, 0.1, 32.890625
1750805020.17252, 0.2, 32.890625
1750805021.179157, 0.1, 32.890625
1750805022.1840608, 0.1, 32.890625
1750805023.192281, 0.1, 32.890625
1750805024.201319, 0.1, 32.890625
1750805025.2065952, 0.1, 32.890625
1750805026.2173738, 0.1, 32.890625
1750805027.229343, 0.1, 32.890625
1750805028.2392871, 0.2, 32.890625
1750805029.249404, 0.1, 32.890625
1750805030.2678201, 0.1, 32.890625
1750805031.271878, 0.1, 29.421875
1750805032.2834718, 0.1, 29.421875
1750805033.294114, 0.2, 29.421875
1750805034.298443, 0.1, 29.421875
1750805035.302101, 0.1, 29.421875
1750805036.312195, 0.1, 29.421875
1750805037.320467, 0.2, 29.421875
1750805038.330967, 0.1, 29.421875
1750805039.335999, 0.1, 29.421875
1750805040.3454459, 0.1, 29.421875
1750805041.361772, 0.1, 29.421875
1750805042.3679721, 0.1, 29.421875
1750805043.374515, 0.1, 29.421875
1750805044.3810701, 0.1, 29.421875
1750805045.386675, 0.1, 29.421875
1750805046.394337, 0.1, 29.421875
1750805047.3993778, 0.1, 29.421875
1750805048.4154181, 0.1, 29.421875
1750805049.426093, 0.1, 29.421875
1750805050.434367, 0.1, 29.421875
1750805051.4483032, 0.1, 29.421875
1750805052.472654, 0.1, 29.421875
1750805053.4772139, 0.1, 29.421875
1750805054.484431, 0.1, 27.859375
1750805055.499247, 0.1, 22.546875
1750805056.560329, 0.1, 22.546875
1750805057.6223848, 0.1, 22.546875
1750805058.664387, 0.0, 23.0
1750805059.678283, 0.2, 22.546875
1750805060.685133, 0.1, 22.546875
1750805061.697484, 0.1, 22.546875
1750805062.705146, 0.1, 22.546875
1750805063.708776, 0.1, 22.546875
1750805064.717052, 0.1, 22.546875
1750805065.724063, 0.1, 22.546875
1750805066.733068, 0.1, 22.546875
1750805067.7418082, 0.2, 22.546875
1750805068.7461, 0.1, 22.546875
1750805069.75007, 0.1, 22.546875
1750805070.754236, 0.1, 22.546875
1750805071.765506, 0.1, 22.546875
1750805072.7737029, 0.1, 22.546875
1750805073.7821388, 0.1, 22.546875
1750805074.797579, 0.1, 22.546875
1750805075.807513, 0.1, 22.546875
1750805076.8194702, 0.2, 22.546875
1750805077.8247418, 0.1, 22.546875
1750805078.830045, 0.1, 22.546875
1750805079.842397, 0.1, 22.546875
1750805080.849416, 0.1, 22.546875
1750805081.857932, 0.2, 22.546875
1750805082.8664691, 0.2, 22.546875
1750805083.87084, 0.1, 22.546875
1750805084.875309, 0.1, 22.546875
1750805085.879401, 0.1, 22.546875
1750805086.886088, 0.2, 22.546875
1750805087.894489, 0.2, 22.546875
1750805088.897964, 0.1, 22.546875
1750805089.901147, 0.1, 22.546875
1750805090.9046888, 0.1, 22.546875
1750805091.912055, 0.1, 22.546875
1750805092.92064, 0.1, 22.546875
1750805093.925538, 0.1, 22.546875
1750805094.930202, 0.1, 22.546875
1750805095.939549, 0.1, 22.546875
1750805096.949515, 0.1, 22.546875
1750805097.954135, 0.1, 22.546875
1750805098.963448, 0.1, 22.546875
1750805099.9736042, 0.1, 22.546875
1750805100.98773, 0.1, 22.546875
1750805101.9958138, 0.1, 22.546875
1750805103.005997, 0.1, 22.546875
1750805104.012855, 0.2, 22.546875
1750805105.021588, 0.1, 22.546875
1750805106.031654, 0.1, 22.546875
1750805107.035707, 0.1, 22.546875
1750805108.041135, 0.2, 22.546875
1750805109.046078, 0.1, 22.546875
1750805110.052184, 0.1, 22.546875
1750805111.062026, 0.1, 22.546875
1750805112.0713909, 0.2, 22.546875
1750805113.0797849, 0.1, 22.546875
1750805114.085548, 0.1, 22.546875
1750805115.0897422, 0.1, 22.546875
1750805116.0945642, 0.1, 22.546875
1750805117.10497, 0.1, 22.546875
1750805118.118975, 0.1, 22.546875
1750805119.125359, 0.1, 22.546875
1750805120.1301608, 0.1, 22.546875
1750805121.1361, 0.1, 22.546875
1750805122.1404648, 0.1, 22.546875
1750805123.1449442, 0.1, 22.546875
1750805124.15544, 0.1, 22.546875
1750805125.160713, 0.1, 22.546875
1750805126.164598, 0.1, 22.546875
1750805127.171836, 0.1, 22.546875
1750805128.176702, 0.1, 22.546875
1750805129.180966, 0.1, 22.546875
1750805130.190998, 0.2, 22.546875
1750805131.200234, 0.1, 22.546875
1750805132.2059221, 0.1, 22.546875
1750805133.21178, 0.1, 22.546875
1750805134.219266, 0.1, 22.546875
1750805135.222531, 0.1, 22.546875
1750805136.2288399, 0.1, 22.546875
1750805137.236237, 0.1, 22.546875
1750805138.2406368, 0.1, 22.546875
1750805139.243721, 0.1, 22.546875
1750805140.2566772, 0.2, 22.546875
1750805141.267404, 0.1, 22.546875
1750805142.272078, 0.1, 22.546875
1750805143.2758741, 0.1, 22.546875
1750805144.280482, 0.1, 22.546875
1750805145.288308, 0.1, 22.546875
1750805146.293838, 0.1, 22.546875
1750805147.297621, 0.1, 22.546875
1750805148.305547, 0.1, 22.546875
1750805149.315646, 0.1, 22.546875
1750805150.3223932, 0.1, 22.546875
1750805151.3305879, 0.1, 22.546875
1750805152.334547, 0.1, 22.546875
1750805153.341485, 0.1, 22.546875
1750805154.348193, 0.1, 22.546875
1750805155.3522182, 0.1, 22.546875
1750805156.358785, 0.1, 22.546875
1750805157.36272, 0.1, 22.546875
1750805158.3686662, 0.1, 22.546875
1750805159.377342, 0.1, 22.546875
1750805160.385984, 0.1, 22.546875
1750805161.393108, 0.1, 22.546875
1750805162.4023821, 0.1, 22.546875
1750805163.405401, 0.1, 22.546875
1750805164.410305, 0.2, 22.546875
1750805165.418366, 0.2, 22.546875
1750805166.424841, 0.1, 22.546875
1750805167.49324, 0.1, 22.546875
1750805168.4959638, 0.0, 23.0
1750805169.504489, 0.2, 22.546875
1750805170.5313668, 0.1, 22.546875
1750805171.537806, 0.1, 22.546875
1750805172.548098, 0.1, 22.546875
1750805173.557655, 0.2, 22.546875
1750805174.561661, 0.1, 22.546875
1750805175.566292, 0.1, 22.546875
1750805176.5710778, 0.1, 22.546875
1750805177.5832, 0.2, 22.546875
1750805178.591409, 0.1, 22.546875
1750805179.5998101, 0.1, 22.546875
1750805180.610686, 0.2, 22.546875
1750805181.622077, 0.1, 22.546875
1750805182.628416, 0.1, 22.546875
1750805183.639135, 0.2, 22.546875
1750805184.6507578, 0.2, 22.546875
1750805185.662001, 0.1, 22.546875
1750805186.6664891, 0.1, 22.546875
1750805187.671951, 0.1, 22.546875
1750805188.679649, 0.2, 22.546875
1750805189.686465, 0.1, 22.546875
1750805190.693614, 0.2, 22.546875
1750805191.7017999, 0.1, 22.546875
1750805192.705086, 0.1, 22.546875
1750805193.713731, 0.2, 22.546875
1750805194.722767, 0.1, 22.546875
1750805195.734751, 0.1, 22.546875
1750805196.741886, 0.1, 22.546875
1750805197.7542799, 0.1, 22.546875
1750805198.76118, 0.1, 22.546875
1750805199.769702, 0.1, 22.546875
1750805200.7742422, 0.1, 22.546875
1750805201.777519, 0.1, 22.546875
1750805202.78356, 0.2, 22.546875
1750805203.804149, 0.1, 22.546875
1750805204.8129978, 0.1, 22.546875
1750805205.820013, 0.2, 22.546875
1750805206.833938, 0.1, 22.546875
1750805207.848153, 0.2, 22.546875
1750805208.8569531, 0.2, 22.546875
1750805209.8685708, 0.1, 22.546875
1750805210.884816, 0.1, 22.546875
1750805211.899959, 0.1, 22.546875
1750805212.909931, 0.1, 22.546875
1750805213.919903, 0.1, 22.546875
1750805214.93354, 0.1, 22.546875
1750805215.937077, 0.1, 22.546875
1750805216.9485419, 0.1, 22.546875
1750805217.9602518, 0.1, 22.546875
1750805218.965955, 0.1, 22.546875
1750805219.9781, 0.2, 22.546875
1750805220.983486, 0.1, 22.546875
1750805221.987745, 0.1, 22.546875
1750805222.995957, 0.1, 22.546875
1750805224.001858, 0.1, 22.546875
1750805225.0140421, 0.1, 22.546875
1750805226.021479, 0.1, 22.546875
1750805227.0352068, 0.2, 22.546875
1750805228.0443468, 0.1, 22.546875
1750805229.0505989, 0.1, 22.546875
1750805230.058408, 0.1, 22.546875
1750805231.063308, 0.1, 22.546875
1750805232.068348, 0.1, 22.546875
1750805233.0734599, 0.1, 22.546875
1750805234.0800698, 0.1, 22.546875
1750805235.0869539, 0.1, 22.546875
1750805236.100151, 0.2, 22.546875
1750805237.107944, 0.1, 22.546875
1750805238.1160572, 0.1, 22.546875
1750805239.1247208, 0.1, 22.546875
1750805240.132133, 0.1, 22.546875
1750805241.145268, 0.1, 22.546875
1750805242.151648, 0.2, 22.546875
1750805243.1610858, 0.1, 22.546875
1750805244.168093, 0.2, 22.546875
1750805245.179917, 0.1, 22.546875
1750805246.186341, 0.1, 22.546875
1750805247.189785, 0.1, 22.546875
1750805248.194936, 0.1, 22.546875
1750805249.2007098, 0.1, 22.546875
1750805250.2113001, 0.1, 22.546875
1750805251.217242, 0.1, 22.546875
1750805252.225824, 0.1, 22.546875
1750805253.2366111, 0.1, 22.546875
1750805254.2440221, 0.1, 22.546875
1750805255.249516, 0.1, 22.546875
1750805256.2648, 0.1, 22.546875
1750805257.272866, 0.1, 22.546875
1750805258.2848399, 0.1, 22.546875
1750805259.293952, 0.1, 22.546875
1750805260.298219, 0.1, 22.546875
1750805261.3026528, 0.1, 22.546875
1750805262.3072672, 0.1, 22.546875
1750805263.31899, 0.2, 22.546875
1750805264.323804, 0.1, 22.546875
1750805265.3310668, 0.2, 22.546875
1750805266.340398, 0.1, 22.546875
1750805267.358867, 0.1, 22.546875
1750805268.364388, 0.1, 22.546875
1750805269.371503, 0.1, 22.546875
1750805270.3757539, 0.1, 22.546875
1750805271.38064, 0.1, 22.546875
1750805272.3926241, 0.1, 22.546875
1750805273.4023669, 0.3, 22.546875
1750805274.410704, 0.1, 22.546875
1750805275.4189382, 0.1, 22.546875
1750805276.424612, 0.1, 22.546875
1750805277.456504, 0.0, 22.546875
1750805278.470964, 0.0, 23.0
1750805279.4841301, 0.1, 22.546875
1750805280.5005639, 0.1, 22.546875
1750805281.519016, 0.2, 22.546875
1750805282.525762, 0.1, 22.546875
1750805283.537218, 0.1, 22.546875
1750805284.545095, 0.1, 22.546875
1750805285.549653, 0.1, 22.546875
1750805286.560214, 0.2, 22.546875
1750805287.569644, 0.1, 22.546875
1750805288.5793972, 0.1, 22.546875
1750805289.582934, 0.1, 22.546875
1750805290.58552, 0.1, 22.546875
1750805291.590555, 0.1, 22.546875
1750805292.609102, 0.1, 22.546875
1750805293.6179059, 0.1, 22.546875
1750805294.626057, 0.1, 22.546875
1750805295.632898, 0.1, 22.546875
1750805296.6428921, 0.1, 22.546875
1750805297.6456, 0.1, 22.546875
1750805298.6494238, 0.1, 22.546875
1750805299.6586921, 0.1, 18.203125
1750805300.667666, 0.1, 18.203125
1750805301.6757, 0.1, 18.203125
1750805302.680167, 0.1, 18.203125
1750805303.6967082, 0.1, 18.203125
1750805304.70812, 0.1, 18.203125
1750805305.7140648, 0.1, 18.203125
1750805306.722982, 0.1, 18.203125
1750805307.731519, 0.1, 18.203125
1750805308.741212, 0.1, 18.203125
1750805309.749887, 0.1, 18.203125
1750805310.7662551, 0.1, 18.203125
1750805311.774955, 0.2, 18.203125
1750805312.782662, 0.1, 18.203125
1750805313.7864802, 0.1, 18.203125
1750805314.7928908, 0.1, 18.203125
1750805315.799066, 0.1, 18.203125
1750805316.80613, 0.2, 18.203125
1750805317.810434, 0.1, 18.203125
1750805318.813605, 0.1, 18.203125
1750805319.8163881, 0.1, 18.203125
1750805320.825529, 0.1, 18.203125
1750805321.835244, 0.1, 18.203125
1750805322.848851, 0.1, 18.203125
1750805323.858321, 0.1, 18.203125
1750805324.86731, 0.1, 18.203125
1750805325.874711, 0.1, 18.203125
1750805326.881844, 0.2, 18.203125
1750805327.890763, 0.1, 18.203125
1750805328.896968, 0.1, 18.203125
1750805329.905921, 0.1, 18.203125
1750805330.91054, 0.1, 18.203125
1750805331.918238, 0.1, 18.203125
1750805332.9313521, 0.1, 18.203125
1750805333.948884, 0.1, 18.203125
1750805334.970397, 0.1, 18.203125
1750805335.979938, 0.2, 18.203125
1750805337.012414, 0.1, 18.203125
1750805338.027649, 0.1, 18.203125
1750805339.046775, 0.2, 18.203125
1750805340.049885, 0.1, 18.203125
1750805341.0587132, 0.1, 18.203125
1750805342.067876, 0.1, 18.203125
1750805343.079454, 0.1, 18.203125
1750805344.087691, 0.1, 18.203125
1750805345.101482, 0.1, 18.203125
1750805346.115812, 0.1, 18.203125
1750805347.145955, 0.1, 18.203125
1750805348.151742, 0.1, 18.203125
1750805349.157891, 0.1, 18.203125
1750805350.1693618, 0.2, 18.203125
1750805351.176964, 0.1, 18.203125
1750805352.183083, 0.1, 18.203125
1750805353.190685, 0.1, 18.203125
1750805354.1978931, 0.1, 18.203125
1750805355.209287, 0.1, 14.25
1750805356.216268, 0.1, 14.1875
1750805357.228178, 0.2, 14.1875
1750805358.2357938, 0.1, 14.1875
1750805359.245718, 0.1, 14.1875
1750805360.250974, 0.1, 14.1875
1750805361.258555, 0.1, 14.1875
1750805362.269016, 0.1, 14.1875
1750805363.27774, 0.1, 14.1875
1750805364.283944, 0.1, 14.1875
1750805365.296688, 0.1, 14.1875
1750805366.301256, 0.1, 14.1875
1750805367.309491, 0.1, 14.1875
1750805368.329333, 0.1, 14.1875
1750805369.349762, 0.1, 14.1875
1750805370.3574688, 0.1, 14.1875
1750805371.361068, 0.1, 14.1875
1750805372.367178, 0.2, 14.1875
1750805373.3739269, 0.1, 14.1875
1750805374.3777778, 0.1, 14.1875
1750805375.382835, 0.1, 14.1875
1750805376.398456, 0.2, 14.1875
1750805377.406827, 0.1, 14.1875
1750805378.41697, 0.2, 14.1875
1750805379.423123, 0.1, 14.1875
1750805380.431982, 0.1, 14.1875
1750805381.443435, 0.1, 14.1875
1750805382.449816, 0.0, 12.875
1750805383.454976, 0.1, 12.875
1750805384.458337, 0.1, 12.875
1750805385.4624372, 0.1, 12.875
1750805386.4785001, 0.1, 12.875
1750805387.487723, 0.1, 12.875
1750805388.498195, 0.1, 12.875
1750805389.5086248, 0.2, 12.875
1750805390.51174, 0.1, 12.875
1750805391.522153, 0.1, 12.875
1750805392.5293849, 0.1, 12.875
1750805393.539521, 0.1, 12.875
1750805394.551497, 0.2, 12.875
1750805395.560143, 0.1, 12.875
1750805396.5783858, 0.1, 12.875
1750805397.5953028, 0.1, 12.875
1750805398.615413, 0.1, 12.875
1750805399.629947, 0.2, 12.875
1750805400.638779, 0.1, 12.875
1750805401.64215, 0.1, 12.875
1750805402.654925, 0.2, 12.875
1750805403.672251, 0.3, 12.875
1750805404.6839192, 0.1, 12.875
1750805405.6935701, 0.1, 12.875
1750805406.6984599, 0.1, 12.875
1750805407.700945, 0.1, 12.875
1750805408.709036, 0.1, 12.875
1750805409.713227, 0.1, 12.875
1750805410.716321, 0.1, 12.875
1750805411.721023, 0.1, 12.875
1750805412.7272298, 0.1, 12.875
1750805413.7395232, 0.1, 12.875
1750805414.7502232, 0.1, 12.875
1750805415.7590039, 0.2, 12.890625
1750805416.7644732, 0.1, 12.875
1750805417.7776299, 0.1, 6.3125
1750805418.790663, 0.2, 6.3125
1750805419.797985, 0.1, 6.3125
1750805420.813668, 0.2, 6.3125
1750805421.825854, 0.2, 6.3125
1750805422.8395672, 0.2, 6.3125
1750805423.85351, 0.1, 6.3125
1750805424.859461, 0.1, 6.3125
1750805425.86973, 0.1, 6.3125
1750805426.8826041, 0.1, 6.3125
1750805427.896611, 0.1, 6.3125
1750805428.9080079, 0.1, 6.3125
1750805429.912866, 0.1, 6.3125
1750805430.9183931, 0.1, 6.3125
1750805431.923805, 0.1, 6.3125
1750805432.9281652, 0.1, 6.3125
1750805433.934012, 0.1, 6.3125
1750805434.939538, 0.1, 6.3125
1750805435.945798, 0.1, 6.3125
1750805436.9539258, 0.1, 6.3125
1750805437.963864, 0.1, 6.3125
1750805438.9714618, 0.1, 6.3125
1750805439.974025, 0.1, 6.3125
1750805440.986154, 0.1, 6.3125
1750805441.9911208, 0.1, 6.3125
1750805442.993876, 0.1, 6.3125
1750805443.999234, 0.1, 6.3125
1750805445.008965, 0.1, 6.3125
1750805446.01238, 0.1, 6.3125
1750805447.022291, 0.1, 6.3125
1750805448.0256782, 0.1, 6.3125
1750805449.03105, 0.1, 6.328125
1750805450.0370262, 0.1, 6.3125
1750805451.043527, 0.1, 6.3125
1750805452.047797, 0.1, 6.3125
1750805453.0591319, 0.2, 6.3125
1750805454.0694232, 0.2, 6.3125
1750805455.0860732, 0.1, 6.3125
1750805456.0919302, 0.1, 6.3125
1750805457.098034, 0.1, 6.3125
1750805458.102889, 0.1, 6.3125
1750805459.108177, 0.1, 6.3125
1750805460.115374, 0.1, 6.3125
1750805461.119773, 0.1, 6.3125
1750805462.1229289, 0.1, 6.3125
1750805463.129416, 0.2, 6.3125
1750805464.140249, 0.1, 6.3125
1750805465.155998, 0.1, 6.3125
1750805466.159028, 0.1, 6.3125
1750805467.164108, 0.1, 6.3125
1750805468.172089, 0.1, 6.3125
1750805469.1828322, 0.1, 6.3125
1750805470.186576, 0.1, 6.3125
1750805471.197435, 0.2, 6.3125
1750805472.2046149, 0.1, 6.3125
1750805473.2099771, 0.1, 6.3125
1750805474.216216, 0.1, 6.3125
1750805475.219745, 0.1, 6.3125
1750805476.225489, 0.1, 6.3125
1750805477.230962, 0.1, 6.3125
1750805478.2359161, 0.1, 6.3125
1750805479.243683, 0.2, 6.3125
1750805480.247116, 0.1, 6.3125
1750805481.250255, 0.1, 6.3125
1750805482.257268, 0.2, 6.3125
1750805483.260308, 0.1, 6.3125
1750805484.271657, 0.2, 6.3125
1750805485.277191, 0.1, 6.3125
1750805486.2849028, 0.2, 6.3125
1750805487.2901278, 0.1, 6.3125
1750805488.296493, 0.1, 6.3125
1750805489.307955, 0.1, 6.3125
1750805490.324831, 0.1, 6.3125
1750805491.3319612, 0.1, 6.3125
1750805492.342103, 0.1, 6.3125
1750805493.346953, 0.1, 6.3125
1750805494.3548028, 0.1, 6.3125
1750805495.366386, 0.1, 6.3125
1750805496.3744571, 0.1, 6.3125
1750805497.3823302, 0.1, 6.3125
1750805498.3903282, 0.1, 6.3125
1750805499.393192, 0.1, 6.3125
1750805500.396673, 0.1, 6.3125
1750805501.401241, 0.1, 6.3125
1750805502.404514, 0.1, 6.3125
1750805503.4085891, 0.1, 6.3125
1750805504.4155982, 0.1, 6.3125
1750805505.422226, 0.1, 6.3125
1750805506.425591, 0.1, 6.3125
1750805507.4289432, 0.1, 6.3125
1750805508.433613, 0.1, 6.3125
1750805509.436594, 0.1, 6.3125
1750805510.439403, 0.1, 6.3125
1750805511.442027, 0.1, 6.3125
1750805512.447783, 0.1, 6.3125
1750805513.45569, 0.1, 6.3125
1750805514.4602292, 0.1, 6.3125
1750805515.4655218, 0.1, 6.3125
1750805516.472467, 0.1, 6.3125
1750805517.4794781, 0.1, 6.3125
1750805518.4880729, 0.2, 6.3125
1750805519.4980211, 0.1, 6.3125
1750805520.5062149, 0.1, 6.3125
1750805521.510005, 0.1, 6.3125
1750805522.5192451, 0.1, 6.3125
1750805523.525815, 0.1, 6.3125
1750805524.5305622, 0.1, 6.3125
1750805525.534539, 0.1, 6.3125
1750805526.542309, 0.1, 6.3125
1750805527.548619, 0.1, 6.3125
1750805528.5542579, 0.1, 6.3125
1750805529.5619159, 0.1, 6.3125
1750805530.5720289, 0.1, 6.3125
1750805531.577743, 0.1, 6.3125
1750805532.584671, 0.1, 6.3125
1750805533.588264, 0.1, 6.3125
1750805534.594135, 0.2, 6.3125
1750805535.601443, 0.2, 6.3125
1750805536.6078238, 0.1, 6.3125
1750805537.612542, 0.1, 6.3125
1750805538.6172018, 0.1, 6.3125
1750805539.623408, 0.1, 6.3125
1750805540.62733, 0.1, 6.3125
1750805541.631029, 0.1, 6.3125
1750805542.6361651, 0.1, 6.3125
1750805543.641241, 0.1, 6.3125
1750805544.647372, 0.1, 6.3125
1750805545.659532, 0.1, 6.3125
1750805546.666122, 0.1, 6.3125
1750805547.674104, 0.1, 6.3125
1750805548.682533, 0.1, 6.3125
1750805549.688282, 0.1, 6.3125
1750805550.69502, 0.1, 6.3125
1750805551.705336, 0.2, 6.3125
1750805552.710499, 0.2, 6.3125
1750805553.7131379, 0.1, 6.3125
1750805554.7217731, 0.1, 6.3125
1750805555.724986, 0.1, 6.3125
1750805556.731292, 0.2, 6.3125
1750805557.741075, 0.1, 6.3125
1750805558.746975, 0.1, 6.3125
1750805559.7501922, 0.1, 6.3125
1750805560.753367, 0.1, 6.3125
1750805561.763564, 0.1, 6.3125
1750805562.773706, 0.2, 6.3125
1750805563.780622, 0.1, 6.3125
1750805564.7876601, 0.1, 6.3125
1750805565.798014, 0.1, 6.3125
1750805566.80238, 0.0, 6.3125
1750805567.809497, 0.1, 6.3125
1750805568.813023, 0.1, 6.3125
1750805569.831151, 0.1, 6.3125
1750805570.841898, 0.1, 6.3125
1750805571.853545, 0.1, 6.3125
1750805572.8613849, 0.1, 6.3125
1750805573.8683069, 0.1, 6.3125
1750805574.870031, 0.1, 6.3125
1750805575.87708, 0.1, 6.3125
1750805576.889867, 0.1, 6.3125
1750805577.898446, 0.1, 6.3125
1750805578.9050822, 0.1, 6.3125
1750805579.913543, 0.2, 6.3125
1750805580.9204748, 0.1, 6.3125
1750805581.927575, 0.1, 6.3125
1750805582.935223, 0.1, 6.3125
1750805583.9401448, 0.1, 6.3125
1750805584.9464471, 0.1, 6.3125
1750805585.953435, 0.1, 6.3125
1750805586.968606, 0.1, 6.3125
1750805587.974664, 0.1, 6.3125
1750805588.977231, 0.1, 6.3125
1750805589.988796, 0.1, 6.3125
1750805590.994859, 0.1, 6.3125
1750805591.997488, 0.1, 6.3125
1750805593.004995, 0.1, 6.3125
1750805594.008207, 0.1, 6.3125
1750805595.017673, 0.1, 6.3125
1750805596.020881, 0.1, 6.3125
1750805597.026263, 0.1, 6.3125
1750805598.029212, 0.1, 6.3125
1750805599.038274, 0.1, 6.3125
1750805600.048908, 0.1, 6.3125
1750805601.0564768, 0.1, 6.3125
1750805602.060004, 0.1, 6.3125
1750805603.063515, 0.1, 6.3125
1750805604.068877, 0.1, 6.3125
1750805605.074183, 0.1, 6.3125
1750805606.0791192, 0.1, 6.3125
1750805607.091051, 0.1, 6.3125
1750805608.098121, 0.1, 6.3125
1750805609.10573, 0.1, 6.3125
1750805610.111559, 0.1, 6.3125
1750805611.1190479, 0.1, 6.3125
1750805612.129028, 0.1, 6.3125
1750805613.139213, 0.2, 6.3125
1750805614.147105, 0.1, 6.3125
1750805615.1547499, 0.1, 6.3125
1750805616.1751502, 0.1, 6.3125
1750805617.179808, 0.1, 6.3125
1750805618.1894, 0.1, 6.3125
1750805619.193743, 0.1, 6.3125
1750805620.2010188, 0.1, 6.3125
1750805621.205945, 0.1, 6.3125
1750805622.208989, 0.1, 6.3125
1750805623.2109702, 0.1, 6.3125
1750805624.217848, 0.1, 6.3125
1750805625.2214458, 0.1, 6.3125
1750805626.228398, 0.1, 6.3125
1750805627.23459, 0.1, 6.3125
1750805628.243356, 0.1, 6.3125
1750805629.2562509, 0.1, 6.3125
1750805630.262215, 0.1, 6.3125
1750805631.27125, 0.1, 6.3125
1750805632.274632, 0.1, 6.3125
1750805633.2796211, 0.1, 6.3125
1750805634.283135, 0.1, 6.3125
1750805635.285432, 0.1, 6.3125
1750805636.291476, 0.1, 6.3125
1750805637.301656, 0.1, 6.3125
1750805638.312002, 0.2, 6.3125
1750805639.322214, 0.1, 6.3125
1750805640.325866, 0.1, 6.3125
1750805641.332903, 0.2, 6.3125
1750805642.338977, 0.1, 6.3125
1750805643.34551, 0.1, 6.3125
1750805644.3515399, 0.1, 6.3125
1750805645.359947, 0.1, 6.3125
1750805646.3641632, 0.1, 6.3125
1750805647.372562, 0.1, 6.3125
1750805648.380217, 0.1, 6.3125
1750805649.386226, 0.1, 6.3125
1750805650.396777, 0.1, 6.3125
1750805651.401234, 0.1, 6.3125
1750805652.4042869, 0.1, 6.3125
1750805653.413426, 0.1, 6.3125
1750805654.422605, 0.1, 6.3125
1750805655.4270542, 0.1, 6.3125
1750805656.4343941, 0.2, 6.3125
1750805657.447032, 0.1, 6.3125
1750805658.456595, 0.1, 6.3125
1750805659.46102, 0.1, 6.3125
1750805660.4665751, 0.1, 6.3125
1750805661.4738681, 0.2, 6.3125
1750805662.4856582, 0.1, 6.3125
1750805663.490627, 0.1, 6.3125
1750805664.500736, 0.1, 6.328125
1750805665.51776, 0.1, 6.3125
1750805666.52582, 0.1, 6.3125
1750805667.53214, 0.1, 6.3125
1750805668.53932, 0.1, 6.3125
1750805669.542698, 0.1, 6.3125
1750805670.5463412, 0.1, 6.3125
1750805671.552922, 0.1, 6.3125
1750805672.55819, 0.1, 6.3125
1750805673.5646589, 0.1, 6.3125
1750805674.57133, 0.1, 6.3125
1750805675.576336, 0.1, 6.3125
1750805676.587605, 0.1, 6.3125
1750805677.592871, 0.1, 6.3125
1750805678.596837, 0.1, 6.3125
1750805679.607318, 0.1, 6.3125
1750805680.6183329, 0.1, 6.3125
1750805681.630583, 0.1, 6.3125
1750805682.6390982, 0.2, 6.3125
1750805683.642905, 0.1, 6.3125
1750805684.6551821, 0.1, 6.3125
1750805685.659039, 0.1, 6.3125
1750805686.662225, 0.1, 6.3125
1750805687.667022, 0.1, 6.3125
1750805688.67239, 0.1, 6.3125
1750805689.677912, 0.2, 6.3125
1750805690.6894982, 0.2, 6.3125
1750805691.693123, 0.1, 6.3125
1750805692.703459, 0.2, 6.3125
1750805693.7116768, 0.2, 6.3125
1750805694.722013, 0.2, 6.3125
1750805695.726281, 0.1, 6.3125
1750805696.7331789, 0.1, 6.3125
1750805697.7383301, 0.1, 6.3125
1750805698.741923, 0.1, 6.3125
1750805699.7457862, 0.1, 6.3125
1750805700.752713, 0.1, 6.3125
1750805701.756182, 0.1, 6.3125
1750805702.7634041, 0.1, 6.3125
1750805703.773739, 0.2, 6.3125
1750805704.7779012, 0.1, 6.3125
1750805705.782068, 0.1, 6.3125
1750805706.785881, 0.1, 6.3125
1750805707.790595, 0.1, 6.3125
1750805708.79474, 0.1, 6.3125
1750805709.8016, 0.1, 6.3125
1750805710.805753, 0.1, 6.3125
1750805711.81041, 0.1, 6.3125
1750805712.8174348, 0.1, 6.3125
1750805713.8225029, 0.1, 6.3125
1750805714.82599, 0.1, 6.3125
1750805715.829613, 0.1, 6.3125
1750805716.83469, 0.1, 6.3125
1750805717.836977, 0.1, 6.3125
1750805718.841046, 0.1, 6.3125
1750805719.848471, 0.1, 6.3125
1750805720.8536582, 0.1, 6.3125
